65.3638
75.6941
42.3804
57.8878
70.9872
53.0666
53.7517
63.2357
39.4452
30.0414
33.1375
103.634
37.0935
63.2881
40.6136
31.9084
36.7698
26.7518
47.1958
59.3009
54.5952
42.5348
60.599
29.0487
48.877
56.2346
56.4293
36.8609
79.1969
51.2546
46.2116
91.5878
43.1823
69.7658
42.5165
66.5118
128.085
60.4501
97.9601
42.4476
48.0159
34.5653
92.3572
29.86
22.4702
50.3621
51.0492
70.2755
44.2139
30.2392
49.336
209.074
36.6028
99.4456
52.4867
45.3116
64.7584
29.4687
48.6839
59.604
47.929
52.2826
30.5504
30.0369
70.9873
67.2192
99.3315
56.0343
58.152
29.8113
80.8357
47.9625
45.3552
44.2183
41.0184
158.31
70.1239
40.8808
43.529
66.7453
47.013
37.1778
74.2482
47.1866
61.8361
34.331
31.3136
49.7721
84.3832
49.3597
44.3522
37.6953
59.1092
39.433
61.4566
25.1094
33.9848
36.3432
50.5322
52.2236
74.4098
58.3525
51.4967
32.1991
41.1626
55.9657
56.6428
62.6997
46.5663
34.6567
57.4635
38.0952
44.7556
67.7335
46.316
71.7039
87.1027
40.6687
55.6827
39.5794
64.1739
37.4466
48.8622
27.531
84.061
61.9912
62.7305
39.5218
78.5943
63.2608
66.249
48.4834
28.5289
43.2078
71.0641
114.788
61.8862
28.0514
50.6876
31.4012
41.4274
57.4534
39.4987
49.8563
33.171
62.8467
70.8377
22.9577
31.4215
30.5907
46.9592
77.7657
58.0193
55.8233
53.8869
78.2736
33.2084
43.1803
65.5619
47.0314
48.0407
48.8637
38.1777
34.3128
30.6667
53.4162
52.6124
70.8738
36.8642
55.2502
56.8685
54.6765
71.5538
29.2623
37.8633
66.6765
33.8749
34.9715
42.5862
60.7205
46.4659
45.3822
36.3647
31.569
41.7169
41.2218
32.4184
69.2214
35.444
79.8417
52.5648
64.6962
82.4539
85.2584
59.7094
76.3241
47.4208
54.6186
68.0492
28.0073
53.7957
58.7128
42.4661
41.3549
32.3237
53.332
48.433
36.2492
44.6567
49.8183
47.0969
49.9316
56.1352
53.399
36.2081
61.5852
45.7176
53.2475
34.7504
49.5318
57.9701
68.303
46.9611
36.999
49.5599
42.8772
26.1415
56.2406
47.706
162.617
73.6689
53.2266
61.4768
37.9649
38.2736
62.6795
54.7618
68.4656
52.9838
47.1579
34.5033
36.7803
48.6045
47.0781
47.7854
73.5054
45.19
41.31
64.5186
77.4529
40.2012
51.8152
83.3026
76.3835
72.2145
38.3479
34.3444
44.4812
74.6308
62.0993
57.8724
66.9806
41.59
46.0789
63.8256
59.1078
49.8639
83.1938
68.0425
40.0182
53.8907
82.4804
28.1005
34.485
33.0991
34.6462
41.8242
53.2305
87.2406
61.6886
71.2143
61.5848
53.3408
48.4864
51.7285
44.44
57.4677
37.2546
56.5304
54.5561
33.9911
67.1605
32.7448
30.592
32.6194
78.658
38.0541
115.802
48.548
60.8692
29.085
61.7958
21.7403
57.4378
55.6993
44.8804
53.0477
37.1168
88.5437
21.3743
41.0857
33.8952
34.0677
97.2265
51.8615
64.0614
39.8792
42.9459
55.1737
48.002
59.8063
65.753
102.566
55.6361
33.7434
52.3782
67.2217
57.1651
74.6908
47.6312
43.7523
43.1852
30.2752
47.8606
102.888
38.6967
63.7171
35.1987
85.3008
35.2401
54.3557
36.3774
55.2589
42.9224
51.9463
29.6922
31.5806
89.06
57.3931
68.2632
54.5124
82.6725
45.9892
67.1491
40.418
44.1777
31.3711
61.4305
75.6826
66.7805
26.0983
76.5356
52.7177
58.5212
36.4057
43.3682
63.599
106.935
33.8015
153.561
39.6098
37.4499
46.7001
28.7079
30.6366
71.7957
65.2499
67.5974
81.7291
73.4795
47.3727
90.1439
42.9933
50.2922
32.7803
36.9532
60.8249
66.4704
44.4598
42.0114
62.3256
32.2747
97.3325
56.4364
32.8807
71.3974
51.4622
80.1744
28.375
48.5326
59.8776
23.3248
92.8629
61.6567
59.6405
43.7663
33.1605
57.3993
59.3809
70.4938
85.5306
45.8877
50.4481
65.3355
64.7456
76.3245
46.5252
60.5157
27.0123
40.9541
37.4979
77.4386
51.6395
55.6843
68.7586
24.8005
99.8954
71.1577
40.3685
30.5966
33.7336
21.2069
63.5579
47.1298
90.0249
58.8251
50.81
90.8717
43.2789
27.0865
87.9671
53.2349
40.547
79.067
56.2256
72.3889
40.6889
39.1569
34.8161
37.2659
53.0196
39.0858
44.9879
37.8965
61.67
47.8698
32.6598
52.2334
66.6066
59.1343
36.9919
34.7492
37.338
83.7748
42.7273
28.8478
52.9901
38.4832
84.356
82.5068
43.4372
41.37
46.2643
61.1759
57.1977
55.4598
80.3402
45.8288
53.9334
75.9037
87.0694
51.6568
46.0451
43.8717
60.3591
23.137
46.3663
89.6184
110.378
44.6056
43.8424
150.394
76.2324
35.6164
25.9052
100.33
69.9197
57.789
51.2267
57.2895
85.992
43.7837
62.9894
70.2706
41.4419
46.882
31.7852
48.4291
59.7714
82.0165
45.8658
33.0066
33.1044
75.0531
45.9849
47.6238
80.5138
43.7434
38.0306
58.1587
46.8008
73.0607
25.2061
51.5664
47.9798
34.4586
65.4218
37.8778
76.5804
50.4607
50.2444
38.2087
78.2249
87.8534
45.6461
61.9565
46.0474
65.0326
47.4403
47.6833
68.3986
50.5394
65.146
61.9906
61.6012
44.9584
93.5475
41.8951
37.6142
52.7626
43.3224
79.4405
43.4704
26.4227
74.1427
49.1123
51.1372
50.4629
35.5768
31.1265
41.0293
52.6245
32.6945
86.1638
51.7954
43.8468
75.4663
34.5294
66.0927
41.1599
37.9677
53.1767
34.1819
63.6792
27.1605
86.8953
45.6802
77.3081
34.4416
43.9781
42.7799
104.335
55.0977
103.408
50.729
39.5431
53.5547
79.5147
46.2413
104.001
55.8034
42.8839
53.4771
35.6833
67.6382
39.3503
32.9868
31.6684
45.4772
77.0491
59.2949
59.0211
75.3317
43.3179
54.7185
39.7434
49.8484
55.3238
48.1238
40.3009
61.3
50.097
90.0609
49.2946
43.8114
31.6727
53.8108
87.6574
58.493
31.7853
28.5284
48.318
33.0056
88.5823
59.7166
35.2447
73.0449
41.5656
44.8885
53.2625
62.5408
72.9916
42.7016
78.0453
49.0615
55.5651
38.1215
95.2061
79.9372
49.0459
48.4702
69.7152
34.2875
80.8886
57.4671
72.1383
44.3793
42.1772
28.2802
47.7767
49.3597
57.527
47.8455
67.9966
110.838
44.905
59.0907
83.9056
51.2025
76.2587
43.9324
24.1188
44.2972
109.803
37.5315
48.046
39.9224
53.8414
121.331
35.2363
51.0856
56.0796
94.5753
35.1856
62.8708
47.6078
32.6941
45.7149
85.9371
49.2257
35.0721
57.9306
37.5233
63.3221
43.679
45.6441
43.2439
54.8435
43.7669
38.3538
32.4887
57.7748
67.0191
42.9599
106.062
34.6026
46.3016
47.5427
72.4744
146.419
46.9213
56.667
56.3008
32.8258
36.9538
60.8804
51.1302
27.159
43.4808
71.0475
47.8739
53.5921
71.4125
56.2805
35.8983
45.505
41.0784
49.2175
59.6968
54.2317
106.488
30.849
43.526
60.8055
69.8939
46.4231
38.639
28.2312
68.1974
43.0773
49.347
47.2186
51.3867
79.6389
62.9276
60.1758
81.1525
32.5502
56.1725
43.7612
47.1996
44.5241
53.1012
99.4314
87.0265
56.8787
44.9139
75.9884
33.4198
57.2187
58.5967
37.3215
31.4585
41.0518
38.9497
32.5405
43.6289
44.5906
90.8569
53.0658
67.1581
42.5644
30.108
44.7319
45.4729
44.8829
36.748
48.1355
73.6229
35.4712
70.0298
31.6973
40.0368
72.0147
49.3495
31.6435
65.303
46.6733
38.5867
61.4344
74.033
74.624
23.5263
79.0641
34.7869
43.1026
30.4112
39.3992
36.6683
43.9446
60.7063
51.7909
73.7577
69.4772
107.127
69.4342
55.911
40.2994
55.4084
34.2273
37.1625
81.2061
70.376
28.4442
105.805
107.672
54.5142
44.0641
72.8619
91.2827
76.037
49.7564
41.9815
40.3937
81.068
38.0002
55.667
38.872
44.4024
90.5538
43.9729
47.0741
52.7
27.9525
38.7917
54.6244
28.7728
41.09
74.5844
80.4698
41.9758
40.575
50.3355
46.1983
67.0038
58.2141
48.0042
36.728
61.0668
31.3043
36.686
29.2913
49.5764
50.9344
49.6886
73.6161
41.6687
40.8754
60.6017
54.2543
43.1813
77.4474
35.8687
36.4837
40.4708
56.6346
39.5892
108.002
28.6456
39.2377
76.3505
50.0783
30.9318
31.8872
60.4442
80.3112
32.2446
65.0459
42.4996
34.9104
35.282
59.1144
46.0314
50.2189
42.3941
56.8017
100.319
54.4441
57.4806
56.3585
100.435
67.1645
45.0804
75.0823
58.9909
42.8806
31.1912
88.662
86.7136
87.3915
39.5599
82.2458
26.6017
27.2873
44.2666
24.1621
34.0596
71.0867
58.2991
52.3073
51.4841
35.565
41.6137
45.7996
65.0138
36.9101
88.1674
91.8428
32.8924
68.2991
35.6637
55.9079
89.7837
32.2529
58.8152
51.6961
26.314
55.555
41.677
64.6687
48.5368
59.6968
29.6162
62.1233
50.1861
43.5959
56.7417
72.3453
29.4667
43.5277
35.9123
40.4915
80.1689
33.8304
110.316
70.3496
40.3661
31.2922
84.016
63.9481
35.3681
50.6131
34.6693
50.6085
51.7422
56.2957
44.4848
61.5157
73.9305
42.0036
75.966
47.6561
34.4393
51.6803
64.3465
66.4912
29.3963
43.0358
79.9227
132.766
44.1703
37.02
53.5208
61.1289
69.7304
85.053
55.5509
50.0681
29.4525
95.5994
46.2569
35.7134
35.3773
55.6024
42.9717
95.1991
81.2358
53.0469
43.8045
42.2226
88.1044
52.5968
53.854
37.7713
69.6784
47.4845
46.4757
52.2618
53.0848
42.2635
42.647
108.682
49.2013
101.004
50.2212
57.7165
25.6726
75.669
76.1593
50.5017
47.0171
43.4863
77.0647
36.5914
58.3267
59.247
76.2381
45.9079
47.9905
45.1041
40.1969
41.7866
100.976
28.1925
41.7095
32.1018
32.2539
78.062
71.8587
38.1936
52.301
57.4389
65.1715
36.0002
47.7789
30.8932
69.4006
44.9632
59.8249
38.5087
30.5294
49.8014
40.6827
30.1681
61.5429
66.1736
42.6248
28.475
35.4169
76.8591
41.7179
44.9658
63.8456
30.4761
36.5435
31.8089
42.9958
41.5657
52.216
78.5006
57.7038
33.1381
60.3368
37.2727
43.7684
75.799
56.1902
46.8649
54.88
123.467
73.9026
57.1113
44.08
35.9384
34.3049
77.288
40.0513
58.2188
39.4668
41.7556
61.1782
49.4846
90.109
35.5477
49.1934
60.4653
59.5818
49.893
84.9113
63.6072
38.5367
60.2764
30.1293
35.1742
51.7465
48.1446
75.8595
59.4965
31.0613
33.7204
72.7347
47.2204
97.965
92.8501
33.2713
39.6325
55.0741
41.8696
54.3255
77.0377
52.2276
50.0197
23.129
62.093
66.9552
23.6048
69.9205
62.1099
54.5575
50.5062
55.7922
58.427
32.6638
76.5727
34.303
28.2848
32.5031
34.323
42.7924
63.8422
68.2303
36.9754
67.5164
69.5227
57.7806
90.2209
34.1008
28.9212
39.2871
48.5261
46.4831
42.882
61.6644
42.8043
62.5547
62.4528
58.2094
57.1688
59.4216
63.8304
31.0151
51.2071
39.1772
35.2253
112.005
54.2537
114.038
42.9572
54.2588
60.6318
62.7931
31.3764
32.8535
33.5097
52.9821
31.6872
29.1838
46.9831
75.0144
40.651
63.4069
56.4121
32.2718
64.9128
43.3513
58.6064
40.836
32.9076
81.2436
82.8694
36.9197
30.6082
44.9971
66.7523
64.2051
30.4607
35.8251
49.7528
57.5732
36.271
39.9351
49.506
86.0124
40.4954
34.0637
46.8991
38.3899
45.0104
36.307
68.2554
49.0573
78.7308
69.4875
72.5531
39.455
75.5845
55.5252
54.436
30.3503
67.6752
54.131
49.1101
70.8083
44.9791
25.4786
75.0591
44.1113
43.5679
117.726
51.7616
46.3733
48.8831
38.0742
65.2725
65.402
32.3786
51.6264
62.3312
62.4818
59.8114
53.641
27.0621
61.747
43.4759
39.2077
54.5956
39.097
45.1572
30.6185
76.2095
62.8927
36.4464
46.2996
47.7842
42.7114
49.1497
46.2164
44.827
72.8494
38.9736
29.9147
80.483
36.4968
40.0133
38.682
63.9092
47.6667
45.6928
116.04
47.0365
58.0603
32.1083
67.1441
37.2939
44.8209
37.3243
50.6652
51.6278
67.1099
70.5259
41.4816
21.9723
50.0551
66.5164
34.8578
40.9362
86.6864
61.1304
64.1967
37.1043
69.7987
37.466
49.4303
35.0266
67.023
50.4399
35.6469
33.8025
60.1803
60.3097
47.6074
62.4174
55.2528
34.301
37.3092
81.1028
34.7019
84.1407
41.0021
37.8984
37.9194
37.4953
108.846
78.0591
43.2138
47.6018
71.2485
52.8789
33.619
43.0917
89.0617
77.4583
42.9154
39.9521
71.7199
55.7534
68.663
60.6472
74.2179
87.0785
51.6874
41.0553
47.6247
32.188
45.9003
29.7549
39.5384
34.2268
38.0309
46.7068
26.5572
38.1164
37.5088
67.1963
39.3943
79.2034
93.9977
45.8383
45.0789
56.6337
61.0985
117.221
69.4612
34.959
34.4978
44.2363
76.9452
26.9128
34.589
32.6798
50.3684
59.2118
69.5819
32.7791
79.2494
59.823
49.6956
51.2771
73.8352
33.8188
40.4849
60.8471
56.2271
37.8655
23.1217
129.363
50.4644
43.0153
99.2636
30.7551
104.924
64.0044
92.695
30.6135
58.1528
52.8294
55.5788
42.3905
50.2814
38.5906
47.5372
38.9718
96.6651
34.226
44.9867
29.6288
38.9008
34.6557
53.692
95.9748
42.5249
40.5194
46.0149
66.7899
62.1995
47.6783
45.4096
31.1421
60.335
51.6132
64.3451
63.8404
63.9486
79.8463
81.2192
52.5277
30.9976
54.6594
48.5124
27.9888
52.7805
45.622
79.5833
41.5128
86.4089
41.8965
39.8741
70.0468
53.6969
69.8381
69.6636
32.4291
72.4181
44.3745
52.2925
100.621
104.508
56.9448
73.3309
48.6458
49.4787
71.8792
38.8297
66.7898
42.1376
37.1905
61.2982
99.4037
33.3435
46.4697
39.5865
86.4807
38.4659
54.6705
39.8268
56.1915
30.5132
62.6346
49.2111
30.286
55.9926
54.1591
65.4628
33.4617
42.2066
27.5319
30.8388
30.1797
27.6795
31.995
67.8587
51.285
30.2123
56.3131
117.346
39.4003
64.7645
33.9189
53.1318
58.1923
41.3187
49.2236
55.263
59.0278
32.042
23.7902
120.277
49.4489
41.5677
40.5129
65.6508
39.3226
48.0811
36.5068
66.9581
51.499
48.1208
73.2263
70.7692
69.7554
73.8585
21.0636
47.7755
53.3584
133.741
45.8158
55.3593
55.5437
68.975
72.8579
88.5614
60.3303
49.1733
60.8158
58.685
52.7806
56.2494
44.6697
45.7166
30.478
79.2477
109.296
27.0532
30.9834
48.3285
55.1883
50.7397
81.7093
80.1009
46.2833
63.8879
29.6464
34.9272
40.5281
49.5815
31.1716
32.5065
43.9292
64.2314
73.9022
31.6762
75.7545
48.1555
38.7999
51.6192
51.3548
26.1822
92.8245
85.2109
61.0626
51.837
41.8277
50.0344
42.6206
67.7851
53.1223
84.1944
58.3118
68.0876
73.2053
45.219
31.2983
73.2895
33.5284
61.2869
67.6648
64.7642
41.7293
60.9138
47.9903
47.0062
29.3268
84.1636
34.1544
27.1591
71.2856
55.1022
21.1769
48.482
112.077
44.8903
42.8566
34.4123
53.0306
64.8442
33.0345
34.123
51.9522
73.9581
35.2452
53.0746
58.0235
57.4561
66.2815
43.8841
78.6027
52.205
35.5723
40.9661
31.6732
59.2707
70.9701
43.1759
99.0017
48.8849
26.2333
52.5297
33.2681
58.6782
37.0342
45.8252
32.9187
30.9073
48.2826
185.744
41.0474
44.0873
44.7126
53.4556
140.55
101.518
52.1132
38.8506
56.497
46.2217
46.5535
46.1497
39.6787
54.9461
80.389
40.9247
93.147
45.0818
25.9238
40.7031
26.2609
34.901
38.5384
45.0124
59.5428
74.2797
43.2975
43.422
48.8835
23.7011
59.2065
34.8701
42.8768
27.216
33.4486
39.8193
38.0201
125.249
33.7684
47.1165
62.3356
55.4505
49.4279
30.2617
62.5304
79.7273
43.1453
28.935
70.0886
28.2029
72.0553
40.4706
35.4597
28.2265
49.1787
42.7686
37.3531
62.5558
46.5696
42.1396
23.6815
48.8691
29.697
61.6045
29.1413
113.418
31.8704
52.4782
49.642
39.2776
46.9321
60.8152
89.6816
114.227
33.5322
48.4005
84.23
39.5413
99.6066
77.4073
77.7231
37.8409
55.5985
93.9751
81.7641
66.3848
64.5404
41.7693
38.1216
80.3444
65.7129
44.0303
26.9763
49.4381
58.7103
43.0025
49.7301
77.4456
50.0291
33.6802
40.0325
41.3127
27.4994
53.7948
33.7865
29.465
41.3652
56.6667
80.4661
29.9438
36.0777
51.0129
42.7295
30.2302
52.8524
68.1718
45.6114
38.3648
42.4856
59.6278
30.3402
74.5243
52.7809
48.8598
76.4679
74.7922
66.7967
53.0335
82.3933
38.331
102.168
61.5399
60.474
76.8913
41.707
44.8402
49.5146
60.174
74.9148
77.6763
34.6853
47.721
38.8744
64.3886
38.4654
32.9406
30.1459
23.8752
89.9003
30.7146
37.6336
19.6175
38.0657
32.0465
29.3441
38.7639
81.544
51.2284
61.2456
79.1146
41.5972
49.542
53.2038
45.2093
26.5501
29.4765
61.2654
98.0947
53.3973
35.688
36.4013
40.0131
35.7431
45.0693
32.0212
18.9802
39.2374
85.0599
41.7849
40.062
66.0946
53.1622
47.2539
34.1538
61.089
55.4614
53.6818
48.6946
153.142
75.7298
33.1875
28.224
29.2594
47.7841
29.1438
54.6342
49.4086
42.5911
61.5423
55.9569
49.345
69.4208
39.557
37.2126
57.1192
47.841
44.4486
89.2218
57.3722
29.8327
41.8592
48.9727
65.3478
27.708
35.2868
64.6526
69.7683
43.6302
57.9923
30.0556
129.144
48.6556
32.217
34.9007
71.8739
62.2958
44.2568
28.5903
66.0687
58.0497
93.2398
29.9777
39.5872
64.9656
79.4587
55.3601
54.3435
37.4659
56.162
40.4131
51.9572
50.638
59.3647
56.3841
59.1326
41.3991
66.2596
58.6671
55.1017
34.829
53.3694
52.1755
52.0124
48.9996
42.7772
64.6781
80.5699
65.4457
63.7886
47.8901
55.8658
53.0398
88.6597
102.508
56.7892
98.5351
75.732
39.2652
42.2004
96.0823
27.2294
41.8514
43.3536
37.7864
46.8356
23.8261
53.0981
119.872
37.8827
85.1809
62.6927
30.4791
44.9665
35.4583
62.687
51.9604
49.4775
49.5021
31.4608
42.4583
65.0195
35.7007
67.9502
67.3728
42.0001
86.3021
65.3585
34.0349
39.6657
41.5468
42.0405
35.6506
47.2669
34.7956
44.086
65.0445
52.8117
37.4994
63.7718
47.2587
41.4284
74.5711
55.6573
55.9532
65.8155
63.8987
51.469
43.0902
50.1586
107.832
45.1422
45.7307
54.5367
41.853
53.2381
46.3715
49.3419
40.4863
72.5543
31.485
51.927
30.7285
58.0554
82.4966
98.6389
54.1717
86.5152
36.3149
60.4483
65.2445
37.6783
55.0916
44.1773
48.9683
33.049
66.1205
40.7731
32.058
57.8114
97.2276
61.3901
36.2782
42.3434
49.0773
20.9628
36.8817
79.8172
62.8661
46.9392
32.8185
74.9909
162.8
32.8795
43.0848
75.6871
46.5524
48.5828
48.7862
47.4699
70.998
30.2817
50.464
79.7738
82.8014
44.1056
34.9537
39.0659
79.2403
40.7571
45.9138
57.376
42.2878
63.1514
56.9029
43.3064
44.846
23.7789
94.1888
47.5342
91.4437
58.2049
54.6875
22.0893
57.0795
28.7657
38.8821
31.3489
49.1162
32.1818
40.4028
25.625
47.066
44.4054
70.3264
31.9036
21.9579
49.5858
98.8726
66.0718
57.1101
46.1672
81.8136
29.9877
47.6775
51.0716
61.0709
34.5498
26.1166
58.3103
39.5612
35.5238
43.9008
123.151
60.2202
59.4105
44.842
43.6577
137.938
106.358
37.697
62.2234
55.3849
35.2124
55.5509
41.9379
67.7738
58.6615
42.6471
26.227
56.8519
27.8776
22.7427
48.4385
20.6583
167.103
39.8272
30.2582
57.3227
45.6607
41.7788
94.9501
59.7044
76.5908
57.8239
67.8667
63.8931
17.8042
64.2803
51.2884
46.7393
40.1523
43.5956
43.2827
53.5667
32.3876
73.336
58.7231
32.5254
40.639
55.8102
44.9994
43.4485
43.6496
25.5903
29.7975
48.5376
36.2646
22.6401
33.7863
43.7522
48.4324
72.8794
41.9356
45.9802
52.3661
31.4431
70.1658
45.5079
66.0436
55.5793
29.3892
45.372
38.5841
48.6441
69.6802
83.7921
59.0306
70.2367
24.4769
39.6532
58.1884
30.0311
35.133
39.2811
29.6757
44.0752
29.3673
33.8024
86.7637
28.3953
32.6519
51.0388
51.5689
61.4385
45.4185
55.9556
47.9644
45.859
56.5055
54.1423
45.3058
39.3336
61.2625
93.286
78.4302
56.6117
31.908
42.2584
28.5012
75.0842
42.1149
70.1685
35.4712
90.1258
61.4772
38.0026
42.1511
31.0405
40.7673
65.3287
41.4448
37.6563
31.1521
65.6116
49.3375
122.922
57.7619
59.4887
46.8329
68.345
59.5672
87.7005
50.1144
50.8312
52.1325
44.1767
59.3563
45.0258
32.2337
55.8912
70.9861
47.0029
44.0107
42.4032
49.6122
55.0097
61.971
57.6285
34.0299
45.0774
46.7865
47.6763
23.9383
34.2931
21.3261
32.5352
33.5022
35.8083
59.9036
47.8798
52.3071
57.7739
41.4249
58.1467
38.2627
47.1741
25.395
93.6285
47.4546
63.0556
34.8801
48.2094
64.4483
42.9683
60.8368
50.2341
83.2187
43.4435
47.6124
42.3654
48.5977
48.7833
46.2378
61.1319
73.1265
27.9896
57.0159
68.2507
35.6395
53.1866
43.3055
94.6549
50.9303
48.4753
40.3622
51.7126
51.2068
50.8004
50.391
41.1709
40.7404
42.808
50.7992
49.1429
71.4491
61.2638
83.3766
52.1181
49.172
67.2102
43.8459
45.3026
82.3732
51.6386
62.9267
59.5586
54.3127
39.846
26.9305
32.4341
54.0759
41.0992
70.5158
62.7304
54.2623
42.7817
52.7772
32.3708
49.6732
53.3927
66.1529
43.4546
60.6583
41.4034
86.8976
37.5887
67.9398
34.2843
57.4989
35.9547
42.5014
46.0462
65.358
39.3104
54.6159
33.6323
42.3519
69.6997
45.2404
48.2922
45.8706
57.8057
58.4688
32.747
62.0882
40.118
48.8378
36.7111
56.2892
36.2431
59.424
32.4011
48.7177
72.9154
30.5732
44.3189
53.3874
30.5984
55.1931
37.5137
91.7109
34.9214
73.9549
59.2778
57.9824
45.0955
33.6813
84.4662
47.7194
44.2283
48.118
31.4333
63.2541
40.6331
52.0853
30.193
36.0164
31.8588
34.4197
59.896
59.9888
37.3085
45.1962
44.1622
51.8546
28.2205
42.0699
106.23
38.6701
33.2982
32.9439
54.1945
46.9899
49.4133
64.1966
36.996
29.2087
26.9949
51.4734
34.7207
32.4507
39.1827
148.552
64.2787
43.6693
38.3635
42.2499
44.9074
43.432
60.4642
113.12
86.6639
75.5578
51.1059
68.0239
25.7722
44.7405
27.5135
44.8314
52.1304
62.8219
33.6279
46.2845
57.5556
57.9886
38.6834
33.699
43.5836
48.4853
55.9783
36.3926
46.9513
31.6498
55.8013
35.3916
47.49
39.0121
33.4323
85.9451
63.8692
74.8647
58.367
81.1351
47.2682
27.3844
38.5031
86.2457
37.4787
50.9364
52.7905
36.7733
52.3012
58.3861
66.4538
33.0891
24.0789
47.7847
46.3154
20.8271
51.9412
38.3583
88.9214
34.5714
31.5418
34.4333
72.6218
44.9233
27.5319
64.4593
68.3435
64.9011
59.5709
50.1378
49.9332
50.7041
40.654
63.4474
59.0895
54.6151
69.1616
51.4194
38.821
50.1951
68.6286
71.5925
70.3028
28.5694
63.0582
60.5204
109.078
44.7958
36.0003
34.5946
99.1253
67.2076
95.2327
54.371
37.9558
58.2116
60.048
41.9803
56.4491
34.8479
44.7102
40.7899
40.3808
33.6102
31.5349
22.5697
69.5616
27.2023
59.2626
33.7368
73.3287
60.4684
49.0652
60.0874
26.282
32.096
48.5101
34.0297
70.396
65.0437
54.6133
75.1602
27.9213
50.2546
84.0745
91.643
31.9366
97.8087
80.2392
60.3498
51.103
51.9783
37.4719
91.0083
49.361
66.778
31.7185
47.5969
55.6092
37.4646
93.5813
46.6943
50.0509
38.2387
61.089
58.7029
18.4687
55.7322
47.6945
28.9235
68.4214
46.7475
82.3011
67.6709
56.5423
56.4001
42.4271
46.4439
121.529
33.7531
40.8214
54.2008
82.2076
72.2446
33.5622
36.3263
43.7325
34.0804
40.6952
30.9519
32.2353
65.3309
42.4623
34.6912
36.8122
40.3139
128.591
35.681
45.9224
99.1216
95.8503
41.7862
57.0055
43.0999
37.8788
38.145
58.7407
43.5293
42.3491
30.3319
69.5009
51.9088
21.7608
43.1749
51.2758
42.3258
69.1744
46.819
66.8101
93.8007
38.7622
53.8741
81.5873
35.5983
40.4432
41.3472
82.5731
30.0264
32.0802
47.5153
48.3116
31.2422
53.0948
53.8386
70.6764
54.4836
64.678
53.6769
37.0243
78.5348
57.7457
40.2012
44.1257
44.2585
48.991
32.6661
56.3504
66.5685
35.6768
41.6142
67.2464
36.5065
51.433
70.56
46.0642
44.0339
52.9766
25.6154
30.2222
53.6265
41.9219
96.313
54.9913
40.8416
56.8167
74.5351
43.3611
33.5147
56.9144
98.9868
68.7111
63.5576
109.03
36.5252
53.4487
41.867
55.1333
32.6874
95.1877
51.093
48.236
21.4405
51.986
32.3712
54.1863
61.2631
83.8674
31.9735
36.2921
27.9851
30.349
85.7646
71.8035
41.2661
70.6842
81.8179
93.7501
71.4439
45.675
47.1697
31.4557
49.354
71.0859
51.0814
61.9327
66.3359
37.515
76.4744
36.9979
53.7413
53.9046
39.3392
99.657
48.4095
50.8515
32.3694
45.3186
66.4065
58.3331
35.1127
36.0044
65.7865
53.6712
48.8643
31.623
54.5466
77.881
34.9375
62.5067
86.7663
36.647
81.4534
63.2538
37.6363
79.9195
53.4984
51.7816
58.4152
73.1239
71.901
74.6487
52.4909
66.1147
46.4796
71.8111
84.7587
69.9443
64.6455
57.9593
139.925
41.1161
47.9567
37.5044
51.7804
45.6803
101.04
87.2093
95.5257
42.8276
78.8972
31.0693
53.278
32.0615
48.2442
42.3702
49.3185
47.5844
57.2084
76.8543
42.9948
53.5056
41.6148
36.4785
46.5719
60.6913
53.9188
60.2737
29.4706
55.552
68.767
40.3636
25.8152
45.7987
74.7084
81.8514
45.5797
96.2169
19.696
45.6651
39.7009
46.6067
40.7382
51.9953
30.6022
85.4036
101.329
28.6716
31.518
49.5217
37.1241
37.8917
40.1639
57.8966
34.365
38.4966
45.219
38.3952
52.2991
71.4851
43.4139
81.8941
55.7516
38.5616
69.8779
76.3198
83.5304
31.1928
36.0927
39.5923
35.4944
49.3549
33.9123
50.0281
51.3858
26.7728
53.9109
49.744
50.4706
38.3429
52.0428
34.4268
54.506
39.9696
82.6723
48.311
68.7438
49.9184
50.5563
55.3917
92.5389
95.8857
28.8389
43.4473
80.5329
46.3107
75.9512
34.7054
34.9332
52.1351
64.703
40.1406
78.9317
31.2554
35.7374
49.36
76.0841
105.63
56.4312
41.0471
28.8396
50.6053
40.8622
61.7673
53.6639
116.706
36.2194
80.3146
56.9475
75.0903
75.0007
51.6795
48.5636
88.6016
74.3203
46.2953
63.2113
53.6639
44.8664
42.1443
68.3314
58.6729
37.4975
75.54
67.7772
40.2204
78.049
54.921
42.7545
64.5693
61.1683
80.9026
63.9502
35.8222
48.4273
32.0412
72.4458
29.4516
38.8474
30.8431
25.9469
57.197
21.1544
36.5249
37.1518
23.3927
69.0742
42.7105
28.7025
107.273
76.7464
54.0847
24.8818
34.8739
35.2433
51.2442
29.8007
54.9736
44.8379
58.1554
72.1766
71.8209
55.3776
29.79
66.23
42.6425
40.0743
53.3281
32.4573
34.7734
62.5662
47.881
73.7575
39.7689
44.103
55.2219
41.1788
42.9294
31.833
41.0677
67.6469
19.3458
113.359
30.8694
54.5288
74.3339
56.0998
86.8768
60.9639
58.2349
48.0314
60.1893
41.0874
48.9488
42.5895
46.569
41.9093
43.9172
73.381
50.1152
54.3317
61.6396
30.7843
50.5389
68.3347
29.5497
51.576
46.1227
92.3967
28.703
73.4606
48.3693
55.754
62.0229
44.8452
50.6966
70.9873
61.5255
72.2189
45.6688
35.1575
41.763
43.2269
60.4605
39.4761
76.6784
36.8173
46.6662
44.0959
83.1638
89.3719
55.9829
32.0158
52.1655
38.7807
47.7579
77.9956
82.3858
41.4228
33.9364
79.3042
33.409
49.2549
67.5846
33.1525
93.3838
42.804
37.8657
65.99
57.3651
92.0858
56.3563
73.2385
57.3863
64.0458
69.4153
50.3422
40.9129
40.45
41.4076
38.6511
47.4301
38.1876
50.782
48.4184
32.5584
106.895
52.981
89.5021
50.0577
73.1721
39.3173
62.4005
68.5012
82.8482
36.6077
72.8021
120.414
110.251
74.4566
49.0041
62.1101
49.7877
44.6087
65.8989
46.2585
50.1621
36.1554
87.5621
81.4259
35.2242
41.1564
33.1736
47.3565
56.0453
71.8038
87.209
38.3101
36.7052
46.3264
56.2938
47.5016
54.993
29.365
55.2418
61.2243
38.0945
68.8686
65.2535
41.9065
32.229
41.8358
35.3471
38.5808
79.7649
37.1928
48.3321
89.1985
53.5907
51.1921
41.9251
31.4858
37.2966
46.8902
46.6796
91.2331
51.5665
50.5269
41.1981
51.0234
36.0195
64.13
81.2413
46.7599
52.9245
27.9536
169.602
148.508
56.0159
42.111
38.1714
67.2675
76.8672
85.0388
98.3623
51.6866
38.3381
52.9702
42.3588
86.3635
57.1667
64.8577
49.2146
57.7653
49.2625
53.3006
56.915
97.0688
32.9088
82.0965
104.985
33.7673
56.0255
47.0474
42.1679
67.0964
57.0379
45.8345
38.9108
82.8596
47.4339
27.6987
37.3685
47.0575
79.3999
48.9252
42.9797
46.2311
35.6517
38.7948
62.7772
60.3193
68.762
67.0876
59.8367
43.2249
58.0938
56.3942
55.6078
39.0894
35.3351
58.9818
45.5754
68.9851
44.9044
25.2121
73.4543
37.6621
43.4541
91.4653
61.6286
52.8373
56.9279
76.448
41.3689
63.6776
96.8667
59.0353
70.5989
49.2387
118.176
102.618
47.3289
81.6016
42.3354
71.7125
49.1205
49.9977
99.2915
96.8966
63.9529
87.1581
44.9347
55.5095
44.8527
66.9673
79.1687
37.7165
55.0338
55.3182
50.4115
55.3265
33.5215
43.1706
44.3922
55.4613
46.0833
36.5453
45.4634
41.6479
56.2622
117.836
108.026
26.951
34.4764
38.2618
66.6133
34.3931
59.4384
45.2902
62.0507
92.61
32.8173
79.4561
35.8926
33.9552
47.5318
42.8009
33.9077
44.5755
59.5483
71.8113
47.3898
46.6933
55.1238
95.0308
31.17
36.9226
45.5761
64.0169
39.8708
112.731
38.0095
46.5346
63.3622
43.8588
46.9481
32.1833
43.8688
60.9294
120.082
43.1639
90.9411
113.551
34.291
57.2131
46.1053
49.112
42.2094
30.1099
72.313
37.3638
47.7248
71.1046
39.7
28.5315
30.9035
38.5485
31.506
46.2453
65.6679
84.6327
63.3327
34.9557
44.0806
29.6827
69.3012
98.0206
40.1618
82.9139
47.2131
55.9729
33.9991
86.0777
29.3673
55.6222
38.5913
46.5464
44.0557
67.289
30.8445
44.6535
68.6389
58.4735
41.3048
24.4229
43.4556
46.5251
60.0734
38.666
55.4622
44.1149
91.7231
78.7986
56.9076
113.994
39.9207
30.152
41.8676
79.4198
35.3032
36.5302
32.1643
44.6586
51.879
48.1165
40.5603
49.6388
59.2801
65.6877
93.6289
55.9912
80.0098
63.8285
72.0925
66.5071
53.2058
33.2824
34.8146
29.8173
38.0917
26.9191
45.8821
99.1038
39.5289
57.7813
53.785
78.6733
68.2221
41.5767
61.2484
92.9381
54.1686
58.3402
72.0775
56.2359
44.784
68.1136
65.3926
32.2876
50.974
51.0521
50.8922
55.4445
39.1434
52.8896
56.8215
53.5474
43.3149
56.7975
40.6638
28.3778
48.8874
51.9399
49.1841
34.2573
40.1242
56.0076
38.179
36.0336
45.7711
80.9748
83.3951
43.9292
83.141
65.8461
35.2932
56.0255
46.773
57.3507
51.7604
51.3765
36.563
41.639
66.9291
43.8081
82.8484
61.9607
39.6056
37.2801
36.2056
46.9422
40.0739
61.4331
41.519
39.4698
40.0504
41.3122
76.4623
27.6759
45.6116
63.0953
38.6657
47.4432
103.349
63.1887
52.5571
43.6496
42.8522
45.1811
62.9372
43.3758
55.2994
36.9165
74.801
34.2994
20.4092
46.5147
52.4088
57.514
69.5277
46.3238
28.5116
69.1493
76.0041
70.1899
33.7115
71.71
41.7914
79.7016
46.1615
51.9438
40.1335
33.5511
18.8466
44.368
43.5053
80.9687
58.777
56.2477
53.2671
53.0994
19.6221
22.5837
24.705
70.7062
43.6019
84.4305
29.6272
70.5428
34.8055
42.6234
58.6463
22.0106
55.292
38.593
26.2827
62.2773
38.4903
43.0812
52.6352
60.1252
35.3525
51.5126
62.401
52.6489
36.203
57.506
61.983
40.4063
57.5775
37.579
27.4171
43.8944
63.3121
79.5884
60.5026
60.7828
32.6748
37.9563
53.1309
52.2963
27.7766
29.9175
43.7165
80.5588
69.4353
44.3238
59.0879
47.8183
74.8956
98.6656
36.0598
51.4296
44.7325
44.5016
40.8376
31.3146
54.2859
47.6902
61.5702
53.6804
89.5856
45.6343
58.6274
54.7153
66.0364
46.3477
92.5187
56.3716
67.3609
38.2802
44.8579
48.6454
48.1378
40.8285
71.9135
60.6854
50.2704
31.3142
74.9139
39.4955
53.1791
55.4634
58.1283
34.4244
54.8301
47.3845
39.3781
36.8057
46.5754
47.374
39.6953
41.9642
76.0146
40.2187
50.7786
44.2809
70.1112
80.2771
17.454
57.0003
70.1234
42.1732
54.7822
29.7487
22.416
37.091
69.1957
70.2916
198.525
96.0866
58.3904
39.8068
75.4588
68.4929
62.4713
76.6476
49.7531
59.4939
47.1727
31.0448
79.1522
39.4841
60.7956
63.6842
116.096
30.3967
49.0346
66.604
41.4843
63.2608
46.7517
49.0211
57.3661
48.3574
33.7913
110.66
80.9852
54.9911
54.3539
98.1578
38.561
42.0842
81.8003
38.0432
46.0426
30.0017
46.3381
47.3376
117.292
41.0527
50.8396
36.8966
25.3107
34.8557
64.4759
26.2734
43.8798
43.4512
48.3175
40.2778
29.4644
60.4038
46.2076
54.5078
40.074
42.9253
37.1357
72.3067
38.8448
58.9506
51.4252
67.7875
52.3074
37.0995
58.6065
63.0111
63.7233
80.5131
28.0594
49.0992
52.7473
94.2729
68.3122
54.793
52.2017
59.5366
46.5926
120.539
31.2933
92.6589
73.128
46.6992
27.2178
34.1664
61.4984
50.1275
55.2519
72.0946
84.8748
68.7288
36.147
40.3744
45.6375
29.7488
36.1973
35.538
71.4517
62.0742
62.4271
44.7854
48.0827
65.2254
27.2856
79.2568
35.1519
28.3862
59.0211
52.5957
41.5079
54.4306
35.2772
53.1728
52.2962
31.7284
39.2644
102.945
37.7938
34.1127
38.6902
46.3429
45.9814
29.4368
94.7303
66.8017
44.8771
32.65
53.6431
36.0022
33.2547
65.7956
54.6256
42.1438
39.5709
23.501
49.5654
59.9622
43.0463
43.8345
100.282
37.9747
31.6022
46.2767
39.7335
52.8026
32.7404
57.3629
73.743
25.483
49.001
42.0012
65.9454
38.451
30.9478
59.2305
53.9728
93.4217
43.4015
62.9939
40.6421
45.6701
117.18
45.4653
59.547
44.3947
30.8985
58.3255
43.9393
52.2946
42.0767
65.826
39.8459
53.2822
47.4998
41.3577
68.2374
52.3832
55.5361
41.2897
65.4675
44.6634
42.5448
23.7469
60.6477
102.625
39.9292
36.1514
30.6125
26.7244
44.183
58.5844
41.6983
52.9833
24.3292
68.3372
45.9518
50.0134
37.2393
35.3295
56.8033
33.1443
63.6583
59.8461
47.6687
35.5167
63.6758
32.0522
39.4041
42.2148
80.8548
54.4652
63.4557
25.0976
63.592
30.1171
49.4812
60.4055
31.6336
40.5215
33.622
47.5566
34.4081
65.6931
70.3105
45.0619
46.2458
50.5403
70.6705
49.5558
42.2339
47.7708
111.133
34.2789
90.4508
51.2583
49.1834
46.8309
43.6424
89.5357
41.009
42.2871
39.2444
43.5683
109.341
27.9412
39.9295
89.0962
46.9367
56.55
93.7592
54.0763
67.8949
69.3709
47.3097
34.1177
59.3375
31.9529
23.1914
41.6852
71.4101
49.6185
29.9047
46.591
53.7543
75.4098
64.7794
41.3056
56.7725
59.7857
46.0362
50.9652
78.5329
59.2638
70.0882
88.7852
46.2174
59.7237
38.5844
55.3339
35.1387
69.1971
63.1315
48.4081
27.7533
51.605
60.6894
67.1255
58.1867
48.1378
48.4539
45.3751
36.5069
32.4444
53.4285
29.7511
81.793
60.0632
59.81
68.8173
60.06
105.01
42.8113
69.2541
40.9636
59.9775
33.3517
124.572
30.2669
72.3714
37.2987
28.2422
54.2678
41.126
45.77
55.7992
37.326
48.7815
40.6836
40.7068
37.1542
52.6305
63.2439
35.4584
78.9108
55.0592
35.7337
60.8628
65.8933
73.5342
63.3932
63.5639
57.8202
48.1235
58.2982
100.964
44.9994
43.3542
76.2921
137.512
43.77
65.5023
38.412
26.7761
35.9771
34.3169
52.3957
59.0471
97.3886
72.1052
39.1202
55.1459
19.9227
46.0781
31.0895
38.287
49.8386
54.3043
66.9695
42.4879
49.6435
43.9302
31.532
62.9034
111.938
81.2228
38.8341
55.6387
69.1256
56.2131
24.224
57.8553
55.7325
81.4183
163.544
93.0681
72.8026
39.5631
74.1916
42.9924
57.1527
31.4414
112.697
42.8193
37.2115
46.9614
59.6549
25.2497
43.2592
50.5641
55.8258
56.6304
47.7825
71.3119
51.1561
47.1387
89.4323
51.376
70.7751
52.1241
57.9524
51.6894
68.5449
41.3279
56.4912
37.9229
51.093
82.3448
32.238
45.2274
43.3111
60.805
49.5636
31.3004
62.8191
59.1352
32.1779
50.3003
60.3452
30.5583
98.5153
46.2317
65.5508
45.3906
79.0531
53.5358
29.2286
30.7428
100.416
92.336
59.3353
31.1422
54.218
29.9508
36.904
47.1732
40.2392
34.0711
87.1128
60.0782
48.9617
40.5893
66.9842
41.4823
51.3471
50.5607
69.7825
58.5933
77.4295
115.487
46.7262
51.4575
35.5451
77.157
44.4569
58.9347
57.0042
56.2345
37.732
32.7997
35.4147
33.6017
27.8804
63.9809
60.2895
52.4602
26.9402
22.9716
56.9951
58.3865
54.6153
34.0426
27.3268
72.6807
84.3287
96.2553
60.1583
43.0059
48.0544
68.7027
53.0778
27.5037
85.6685
53.314
46.6995
28.7523
39.2966
46.8491
35.5803
51.2754
23.2652
29.5918
86.2203
53.7752
35.3415
24.1578
99.8779
75.9499
30.3585
73.1853
37.2083
30.9991
24.9538
35.3304
25.0175
40.6262
42.547
65.2032
34.7984
47.2828
33.6456
39.9358
42.0632
54.5283
34.4261
126.664
49.1926
48.4206
53.1191
53.7084
37.715
58.8109
97.7055
47.8021
39.9715
57.3352
33.3088
50.7616
54.9502
26.468
36.5159
60.4156
26.0045
45.2973
43.5795
77.5044
88.9298
35.8188
54.9242
113.911
64.2603
49.2105
41.8859
39.8732
62.3171
30.968
32.1694
55.3496
29.3614
84.1118
96.5973
36.171
31.6716
56.6295
80.4056
61.5486
87.5818
32.0082
43.7524
38.6421
48.9674
38.5381
58.9953
42.2793
79.5699
37.7435
41.0236
55.0333
49.2091
87.943
64.277
35.615
55.7925
37.1366
79.0698
32.3526
51.9101
42.1358
52.8997
59.0383
44.7328
52.1641
37.5049
45.7706
33.354
64.263
43.9131
51.857
76.2704
46.3525
52.938
41.6869
47.3212
27.0596
33.4425
34.5885
49.6118
43.4188
47.2228
31.5992
66.6275
24.7305
33.5402
61.8653
51.1854
53.0505
27.5373
50.8727
34.4616
53.1478
96.0241
45.1054
36.0008
85.6284
53.4678
53.7883
33.7023
106.392
29.9843
59.8772
33.1261
46.3856
38.5408
52.0061
48.0052
49.1469
58.5882
39.2284
41.339
33.1752
34.2028
37.9229
42.3982
34.6216
44.7682
107.705
54.7573
77.1695
54.716
60.1701
37.2205
100.399
37.712
48.839
87.8473
44.3727
40.0989
75.8116
42.0795
57.2896
41.6951
47.6309
53.5335
61.1604
35.9003
50.2588
81.7732
28.2019
41.427
50.3432
56.8744
52.4476
75.5329
78.4013
34.4667
93.7199
71.1325
46.9482
26.1249
44.1256
44.8999
43.9923
76.2546
60.0604
32.2018
72.3485
41.2076
88.8236
72.4115
32.5322
36.1051
26.2742
48.4296
65.4312
33.2605
38.599
36.872
79.948
44.9522
31.8931
67.5002
30.6715
68.0043
90.6665
62.9633
49.1115
74.9446
29.8641
69.8253
50.592
63.8422
54.775
28.7526
41.9946
31.0711
44.5328
30.1753
39.4805
42.0748
43.235
70.2176
39.6445
40.6151
49.0282
112.355
41.6119
44.0228
26.6892
53.5515
64.0808
52.3656
60.5271
59.5857
78.5383
82.0044
71.8761
34.873
50.8488
51.8872
122.737
54.4451
62.9616
31.7102
37.7846
47.5908
55.7726
92.1324
35.2049
48.1629
68.2973
41.374
61.1098
95.2953
61.7041
37.8927
70.558
71.5497
32.2749
31.4352
49.2659
84.9541
43.2465
35.5022
35.1696
66.7117
72.3636
39.9425
33.3952
44.079
50.8374
33.0957
39.2828
30.303
46.8332
55.0105
53.897
52.6081
35.4347
94.0632
33.2466
62.9229
36.539
29.9136
79.3369
51.1995
51.4248
32.4803
28.481
60.1456
70.1505
33.6029
55.1705
59.4288
27.3859
56.4904
39.0538
49.7422
23.2196
52.9809
25.0003
95.3224
39.8503
39.7766
50.6686
45.9414
70.7676
46.0603
40.8244
37.4569
48.7535
31.6095
33.2113
83.4017
121.759
53.9204
33.4792
68.7278
52.8471
57.8098
56.2654
39.6009
51.0788
63.6531
47.1828
58.8744
24.9729
45.6398
31.2823
58.5896
49.2417
31.5782
25.4868
57.456
59.1865
82.2102
59.7903
53.2597
47.4393
38.0592
27.5943
34.7523
54.5219
46.4028
37.2993
39.3429
60.2372
61.4279
42.6695
71.3421
44.8831
88.796
97.148
39.4026
30.1287
34.0481
54.1408
41.503
55.5255
70.0158
35.4332
61.0788
28.8612
44.3771
44.2464
41.4396
96.5615
40.249
39.6213
44.4737
40.1069
52.7276
92.5161
42.8703
27.1337
33.2683
75.8906
59.4221
82.4062
89.2304
21.9325
60.185
36.1481
51.0142
61.0795
61.6192
52.81
49.4516
34.3077
56.8959
34.6372
34.9011
34.3229
36.2401
32.0128
56.1352
61.973
34.0895
56.8023
45.2655
42.0546
47.6159
109.622
58.7514
51.1812
26.3224
34.4987
33.648
38.5451
44.5486
43.5099
55.108
47.6378
37.535
52.984
39.7762
31.4373
63.2148
86.1821
52.1575
68.138
128.4
66.5157
74.1857
56.3203
53.7298
69.7849
71.601
38.3239
35.0222
59.5866
40.3651
33.9165
23.2789
43.3873
27.4051
49.3763
50.2621
60.8234
67.897
63.7837
46.5586
88.3337
73.307
46.0253
109.513
84.8837
89.8673
50.9641
55.1546
35.5137
48.727
33.9318
23.0055
46.9248
38.1257
44.3835
46.226
35.6223
49.0035
34.7925
35.4933
35.647
56.0646
69.5498
91.2427
61.7201
42.8036
84.3786
67.16
58.8983
44.5333
33.4231
32.9132
42.2819
41.4966
60.4243
62.3843
46.437
99.5306
31.6613
41.9444
40.8859
114.534
35.8974
50.4159
64.5101
49.3942
34.8491
74.2348
50.1133
78.6615
106.655
32.1187
51.5498
35.7085
39.0737
53.7457
34.8079
43.9234
25.8171
55.4905
27.5234
53.3227
36.3084
36.2316
52.6677
76.8319
54.271
24.1331
24.0923
42.7943
69.2235
57.3303
37.0158
56.5058
48.371
43.2209
44.6401
65.1369
52.1383
75.6106
72.5765
42.4019
37.3499
56.6281
42.7181
41.4954
51.5661
44.8942
37.0999
32.6263
50.9058
32.5122
45.4619
32.2324
27.6303
53.3043
69.3859
39.5037
42.9225
86.9307
63.2759
29.0555
29.4405
55.1739
98.4932
30.6825
47.5735
35.8921
23.8081
78.4581
35.4956
57.0879
40.1417
29.6303
59.9243
72.8496
45.4216
29.6304
26.0416
33.6043
67.4819
51.9995
46.3656
71.7036
84.9844
32.8588
60.7593
47.5205
58.3139
45.3042
83.3136
42.897
63.6945
33.292
37.9304
43.5207
42.6509
90.1962
34.2865
30.3044
68.8836
47.6743
49.9693
48.3645
37.7863
41.895
28.408
53.4048
50.2241
61.7461
57.5119
18.8431
49.7581
37.1301
42.0915
58.0565
74.6287
60.1702
83.5134
50.947
68.9728
72.6511
87.1367
38.9112
66.1701
92.5227
130.167
32.1385
87.322
43.4173
95.2482
62.6288
20.5619
36.6358
58.3471
71.1104
35.5446
53.7931
48.1925
61.4932
67.5928
59.1551
39.1628
56.05
59.2968
47.1947
74.0501
51.7512
61.3827
49.0371
55.1736
55.9089
49.9482
44.1567
34.918
79.4236
34.8741
38.6049
28.5505
63.45
54.666
72.2356
45.1159
45.8496
49.2707
52.6107
103.223
67.0549
61.2209
57.1221
92.7512
57.8643
42.6874
43.7914
41.1136
26.0717
35.4334
35.8278
59.4653
52.8427
55.0086
36.8705
61.627
45.3888
42.9209
26.7186
50.4726
26.5531
32.9889
139.533
54.2856
81.2336
43.9905
50.7627
51.4503
53.6238
34.9415
88.3311
62.8097
48.4263
33.9487
51.8824
36.2465
38.1878
50.123
39.0838
79.4117
51.6648
74.8784
69.8715
67.8628
41.2522
82.9966
34.4083
36.406
75.1936
82.0159
40.5503
57.8765
43.7279
32.1205
38.6921
44.2917
25.7611
58.378
90.6846
64.1565
95.4876
71.1293
52.3861
77.9547
45.8696
65.4062
63.0797
86.8441
28.75
39.3822
41.809
59.2842
47.5471
44.6854
32.3226
23.8117
76.1902
44.4281
66.948
36.3176
32.1522
43.2106
54.3925
73.8611
95.2879
37.9323
41.8424
40.1922
69.9268
32.6911
63.6421
60.8562
44.1589
48.8584
31.0397
77.4313
53.896
40.9715
40.3896
38.614
62.9679
40.1645
84.0051
65.7392
68.9529
45.9654
103.191
41.304
60.9376
103.455
42.2796
50.0403
47.9352
46.456
39.5852
28.6528
24.1487
36.7663
36
54.9732
66.9397
52.7894
36.6875
36.1856
25.745
38.0786
98.9659
54.371
100.286
55.1023
84.6179
72.8553
45.1865
62.3646
56.6846
77.8092
51.4364
42.5646
50.5349
38.0207
41.7929
66.8992
55.4885
61.979
48.19
43.0302
43.7277
28.5104
44.4698
64.7272
80.005
67.1322
30.0521
52.564
43.5417
43.6746
72.228
52.284
43.446
58.9184
39.9526
62.8369
59.2492
35.0463
58.486
69.4052
73.1407
56.5445
44.2341
58.2562
35.9986
42.1883
86.2336
48.6219
40.7449
96.9044
48.6514
83.5442
45.7438
61.7831
77.5484
51.4325
58.729
41.7889
41.9715
40.0569
62.5559
32.5638
31.1762
41.4403
55.217
61.9281
37.8765
44.2133
65.6083
42.6958
37.2553
42.4825
46.7879
42.1151
39.7118
42.5107
35.276
57.4048
47.0713
41.6529
46.7913
70.3033
32.4355
51.8673
104.495
74.3411
49.7917
75.9875
46.4871
41.4668
109.726
71.6189
41.9744
47.1459
23.2326
44.0151
45.2752
28.1793
30.1361
35.1077
65.0193
99.6192
36.5966
47.6768
52.0475
39.7772
49.8375
36.3093
69.9916
68.5953
36.8214
57.374
28.9995
63.4933
25.9849
37.7561
49.4261
66.5608
54.675
72.6609
35.2112
21.696
50.2505
39.7436
49.7758
126.725
34.3395
60.4387
25.9726
55.1065
63.7056
79.9618
46.3054
50.7411
61.4837
37.5247
47.1551
55.8635
38.2892
22.4161
27.9107
53.0134
39.0501
99.723
53.6083
42.8177
52.3267
67.6877
39.5727
33.4764
34.3945
36.0585
23.6189
106.405
37.0825
58.3409
53.7433
54.9984
25.046
51.2453
89.491
73.0367
44.1285
39.6911
40.2255
37.2484
46.7502
53.0331
38.5686
26.4988
42.978
70.7316
41.2051
27.3671
28.4945
43.8513
56.0957
74.1204
39.2595
32.8313
25.1438
37.1317
44.9108
43.048
32.3552
79.3435
49.5097
120.13
38.5467
64.5514
74.1785
35.3453
47.0584
59.9361
51.595
63.9038
45.668
62.3965
41.5701
37.0873
31.0215
42.6899
33.8845
37.0259
48.618
47.4185
37.0723
49.3193
37.8807
81.1997
39.7185
95.795
23.2847
57.7344
56.0736
35.3093
76.0624
89.2023
65.9321
36.1958
42.4142
51.4738
107.792
50.8197
57.6107
33.4897
56.7291
35.2115
41.8896
45.7888
40.3875
37.5192
53.8158
45.6994
38.1295
34.5909
39.3119
41.524
44.2015
42.3656
76.9813
42.4816
30.1949
92.9832
59.6244
45.2524
50.8499
54.785
30.4403
46.0855
105.953
113.059
62.2128
34.372
86.4884
69.3156
54.5327
68.8071
46.9052
64.2733
43.4478
43.6593
57.4789
28.0057
28.1107
31.1196
47.5717
48.3496
35.4286
50.3702
22.2916
27.4235
31.962
98.0425
53.0265
28.5033
39.9299
22.8363
37.4184
73.0374
48.684
61.2803
52.7132
57.6777
67.5259
35.4957
57.1968
34.6153
40.5679
75.7361
39.1251
62.8831
38.3124
31.4031
57.909
41.5989
45.4345
42.0868
33.5017
29.3927
59.0055
61.0605
23.2159
83.6861
89.5847
43.0988
71.3917
59.1152
29.6065
31.6841
65.5257
68.3333
47.6859
57.5403
47.5911
31.0638
41.7604
35.0803
32.6932
50.6113
43.5258
56.4766
73.495
43.2597
64.2094
52.6029
144.914
47.7102
61.8176
45.1487
77.0667
60.925
64.0271
29.436
46.8504
40.715
40.6123
42.5946
30.7328
74.8279
36.1459
44.468
51.7624
33.1899
86.6411
51.5019
56.1061
76.0603
41.8698
60.8953
43.815
78.1996
61.2897
35.3143
35.2766
56.8716
72.6066
60.1586
65.7312
67.716
49.375
58.0035
79.2236
61.8753
78.1754
46.9791
61.5351
33.4419
35.2432
113.013
41.876
42.1497
49.9937
74.3778
59.6504
78.5657
47.5345
67.7276
32.1966
42.7652
45.8769
55.3544
85.1278
37.4058
85.0783
92.6324
48.901
53.1664
24.9656
66.1461
34.7773
33.5086
65.3941
37.5931
124.755
45.7028
30.7271
44.8431
61.7185
96.5699
51.5931
31.7614
64.4307
56.2082
41.454
58.9117
62.1688
43.8079
52.0079
60.2509
34.6762
46.3328
42.736
68.1396
64.0386
24.2763
32.5678
86.2835
37.1394
33.5995
36.914
35.8489
40.9141
53.2145
56.7678
67.6752
35.471
58.0213
46.9503
27.8572
87.9906
58.9159
36.5185
45.6092
54.8571
48.4504
38.1864
53.8307
69.0087
40.5409
47.9303
39.4675
49.2209
29.5873
47.2057
67.8417
35.2616
53.4927
26.779
41.4924
39.2341
53.9002
33.9612
73.4442
48.0104
56.881
65.7323
33.2232
35.1767
75.829
66.0972
50.3724
48.6979
48.6325
32.1423
61.351
37.1195
50.8134
57.4707
54.326
38.5425
54.7531
45.1801
74.9967
68.3232
61.8104
30.3748
71.6712
60.1494
43.6533
55.4086
65.7218
79.4434
64.2547
76.5489
35.7322
50.153
32.8906
46.0538
93.0723
48.9769
34.8832
28.4837
46.4939
43.601
64.3237
48.517
58.266
54.4136
33.7157
56.0257
35.9478
51.7268
37.9808
60.5413
65.6599
85.3868
130.867
36.6273
81.4515
39.3866
36.3619
37.1071
50.8144
86.2677
50.4835
56.9236
35.0732
49.7268
49.8001
32.7905
63.7487
57.3907
40.0549
72.9199
36.1208
56.1996
43.0128
33.9661
46.5853
27.9947
46.0922
126.206
36.759
47.581
46.6934
101.099
93.0732
35.9073
68.2389
56.6085
59.804
55.0224
69.5663
58.0415
35.0997
80.9102
48.0261
47.461
39.7852
127.877
39.725
47.4441
52.7331
46.4985
32.3267
39.5478
49.2797
39.5806
35.9846
91.0531
42.9984
81.891
61.4226
70.1549
50.06
27.1233
50.5163
55.1749
54.941
40.6687
44.4957
97.3393
47.711
32.5261
49.3202
56.6086
72.8156
85.3495
50.9973
54.4937
39.5316
27.5965
53.1055
68.0036
43.5274
33.4018
33.8324
52.5158
52.7591
28.6236
40.0036
65.234
39.0199
83.5968
71.1118
72.9446
62.6384
59.3385
52.3685
38.7106
107.215
103.881
64.7663
37.1567
40.8043
49.6013
77.789
126.149
65.6753
74.3145
49.1881
36.2927
43.2339
31.5154
34.1078
35.0923
99.386
67.7239
40.1124
47.8217
44.7292
43.0196
39.2968
54.2192
54.9177
80.5971
43.6351
47.0947
46.4982
84.9615
31.9252
40.2293
43.7634
53.7873
45.842
41.5098
62.0909
38.3489
38.0309
68.4392
80.6346
48.9508
70.4293
49.6541
83.2264
36.5427
58.1028
49.237
57.0347
89.6283
29.5054
73.1077
33.6069
45.8397
49.7012
65.1845
61.3167
59.1052
47.3264
58.8568
62.701
39.6717
38.1749
26.8195
60.4113
32.0241
79.1179
46.4929
62.4394
71.06
51.2638
19.4099
60.1587
60.5799
42.1192
67.2145
47.0208
72.6961
76.3096
52.7414
56.3871
49.5075
32.6676
41.5041
36.2051
55.2311
127.359
41.8287
45.3926
27.9684
44.4594
40.1832
77.2776
43.0246
57.9094
46.0126
65.6761
48.8489
65.1754
29.6362
63.1548
47.7846
39.7948
108.391
45.8401
58.5865
33.562
67.2474
55.26
71.7424
54.393
70.6689
74.8264
71.1012
60.3743
101.946
46.1088
24.1908
48.9266
70.7569
42.789
42.0427
55.7362
90.4192
64.7224
65.8314
59.8455
60.7824
32.7935
58.9744
62.8399
67.5566
32.1968
62.7071
85.219
74.7905
24.0872
37.5286
36.2021
83.7858
40.0363
100.361
28.0326
62.1131
42.6391
37.0173
39.2102
65.5575
46.2798
40.8499
31.9845
81.9393
35.3355
73.6762
78.3828
52.1756
69.8547
70.9792
45.8323
48.7361
115.133
116.727
57.4034
45.1305
61.409
78.8924
48.3316
56.3816
30.8079
40.4282
57.6937
43.4376
35.8745
29.2484
46.2032
30.3699
30.4953
69.8028
31.751
56.6352
48.1716
56.6032
37.5389
39.9705
32.0888
63.8248
42.4828
44.7831
107.754
58.2547
60.3119
140.255
35.8435
66.7019
64.6219
58.4539
82.9971
51.4907
110.781
58.7618
35.888
25.501
41.1539
40.5354
45.618
24.2233
56.9497
70.9022
48.2036
37.2428
69.4313
38.9699
66.7049
40.9139
31.0959
46.3736
33.6339
63.4105
58.6223
40.3772
52.3008
20.1078
42.2804
41.5686
77.3657
51.7017
49.5494
31.1313
55.3635
39.4132
57.0515
75.8467
39.5662
46.3642
30.9751
50.6741
55.2044
33.199
40.3974
43.7719
48.3435
119.514
41.234
50.5928
37.8431
36.4629
62.2851
67.0861
65.5387
57.9468
80.3412
49.6068
33.2007
51.0851
29.4207
54.3199
81.2196
33.7008
41.5731
61.6889
33.1152
37.0214
56.8349
37.206
92.6523
43.82
82.9716
65.9544
80.3386
93.3948
56.3065
30.8498
52.547
50.8281
79.1473
43.3455
52.8316
46.3609
75.3878
49.3573
52.5007
36.0782
60.337
59.2283
76.9751
39.9044
49.3325
39.8981
51.3076
37.1233
72.487
57.9265
27.0439
43.7402
77.1939
63.656
78.3762
26.2777
95.1339
33.4411
37.0311
88.3049
68.3591
66.9832
48.8727
41.1449
74.9541
58.814
31.4169
30.6769
32.8428
47.387
58.9632
48.9769
40.0333
49.3076
82.1894
58.429
61.2058
41.7487
147.242
48.1515
56.3253
69.527
50.1621
28.8259
82.4548
30.8897
43.1959
58.0142
36.343
65.4585
62.7942
39.0276
28.2552
122.589
22.6628
36.0563
59.194
42.4951
76.0674
45.5638
84.8542
84.794
42.6349
57.6398
37.935
33.6248
78.0519
43.7082
67.1939
41.3678
32.7725
41.0239
25.6546
39.6747
45.4384
52.6506
44.6828
79.6223
90.0595
49.5822
42.0671
36.7662
55.1493
35.6023
31.4694
34.2098
48.4274
38.2152
39.826
27.7955
28.078
30.1882
40.7707
62.1187
39.7594
74.7205
24.9488
28.304
37.9401
41.1153
45.3998
83.7607
43.0447
31.3251
89.3848
56.7285
42.5089
32.6268
49.0838
67.6521
85.9985
55.6362
62.1808
53.4393
51.663
60.0764
34.6458
45.5417
44.5757
54.828
62.9704
109.698
62.5464
29.5148
61.1796
117.291
47.1964
62.6705
78.6018
68.3985
40.9364
28.1676
54.8246
49.0289
54.1215
29.4414
32.6442
49.5363
39.6248
36.837
60.9976
47.7993
76.5117
49.7766
58.502
53.8394
90.5417
48.0829
56.3858
48.227
99.6582
36.7912
34.413
50.1688
26.9267
46.8905
35.5492
44.0591
116.24
35.8325
100.808
38.7103
58.318
59.5561
53.2614
39.3101
48.1466
52.1597
36.8241
49.6004
34.3371
71.8086
43.0149
74.8073
61.5621
74.7219
36.1064
54.8376
39.8287
41.3389
44.9242
30.4874
29.9436
42.5265
57.1887
59.619
31.8034
48.5934
64.6247
29.4966
36.0979
45.2266
50.8325
30.319
81.2441
44.156
84.8464
46.5749
95.485
84.0795
53.1802
31.8871
55.972
37.0313
46.6454
75.7794
102.615
64.4854
50.9253
73.644
48.2764
40.4314
50.6021
166.641
71.6528
43.0788
62.2519
27.6487
48.3597
35.8235
42.721
47.0573
95.6003
55.8251
125.299
25.9309
42.2378
43.607
50.7242
47.8629
51.5637
80.7237
52.4242
58.9919
39.0375
72.4136
37.0841
33.8167
76.1917
39.3454
49.2243
40.7945
67.1898
78.3599
98.9418
68.0509
83.7284
35.8564
37.631
113.774
52.2497
64.7238
34.2143
32.7397
127.119
75.4879
26.6793
88.8662
53.7779
46.848
31.6896
54.5727
58.2842
41.3119
145.283
52.9378
29.9241
45.8472
41.4648
39.4667
34.4959
60.0753
33.3635
93.1723
38.6139
32.617
46.6195
78.0457
41.9146
75.0993
59.3787
76.5449
32.0289
55.6208
40.4746
65.3646
27.9677
74.7229
94.8684
43.9203
36.0584
33.3042
53.832
54.3039
47.6853
46.7562
44.1898
91.2445
83.383
148.73
69.9708
79.7991
49.0628
35.2156
92.7874
30.1144
82.9329
52.4266
65.2501
64.4352
84.4323
28.9152
53.3188
35.4085
71.5689
55.7312
79.9458
73.4775
49.5977
18.811
49.3873
40.2967
72.1534
32.2545
68.1305
67.0516
58.7004
53.2067
91.844
42.4281
34.9929
54.1034
92.1004
97.3399
62.9556
42.8053
90.2009
44.5067
50.4865
36.9154
40.4117
45.5821
73.1255
50.0194
69.1428
60.0473
31.9362
54.5524
63.6021
59.4471
30.2626
53.5284
47.0357
26.6536
37.5738
101.332
31.4006
43.53
30.128
84.1862
53.3164
91.7264
67.5113
32.8903
58.1577
48.6346
49.6649
65.8287
28.1102
74.2039
36.6231
104.263
89.0171
48.1213
80.415
55.4106
28.7791
40.3324
37.0503
46.0828
39.197
46.5649
72.5991
35.2189
34.6763
80.0443
32.2485
40.6235
52.5035
37.8629
47.8095
23.9739
55.2912
36.7067
58.4844
33.0365
39.107
56.0166
61.8371
111.185
26.4006
37.9147
65.0777
82.049
42.8465
51.0257
27.8772
56.4176
35.3652
39.6528
78.1602
28.876
40.135
40.5489
51.9023
84.8887
66.0389
40.2356
58.362
41.2959
48.0959
37.7811
95.5836
31.113
53.1744
54.1702
40.1302
48.3745
39.9971
40.0434
40.7357
55.1273
56.5553
80.7317
54.2789
35.683
43.7227
41.7708
47.6
85.896
45.2591
45.7584
48.4143
49.1603
41.193
38.6795
66.0341
64.9313
30.0367
37.3161
73.4166
53.9593
29.9937
83.3516
62.0555
87.0182
62.6524
45.8776
64.7277
86.7107
98.1508
24.3809
34.9003
61.8347
29.0359
46.6998
71.8677
43.4981
44.5421
19.6994
41.5279
58.9945
69.2859
54.0204
59.9841
50.9422
35.3437
45.999
106.993
54.6281
23.1343
150.704
42.7045
30.7766
37.522
27.7034
54.4852
52.6046
48.2633
44.4895
88.3321
121.687
44.8084
47.8094
82.2302
59.3763
58.7277
85.7229
43.33
44.3874
46.5084
46.4242
43.4972
24.648
47.238
60.8551
53.8683
48.3017
28.447
42.0018
33.0963
39.2794
54.8203
52.3759
41.6846
31.8459
53.5466
53.8787
47.4188
59.2404
53.2184
52.231
37.6163
39.3183
54.8311
41.0373
76.1226
53.2539
33.7677
45.9698
51.375
63.7544
43.8349
48.7933
28.7327
56.07
57.2629
67.2915
48.3288
32.2209
53.2076
58.5081
47.0788
47.9717
63.3541
47.0956
49.1939
36.4668
44.4643
97.635
38.4953
40.5795
96.7792
21.3158
26.5005
53.2504
59.1052
60.3246
30.115
69.6685
39.8909
73.5956
106.844
63.9954
86.8744
37.9337
28.6318
101.511
41.6853
49.7366
62.011
48.4609
50.5938
34.6993
42.122
49.8878
55.3578
57.7329
38.9074
36.5465
38.1092
45.245
30.373
68.3245
48.0743
35.7476
63.2817
72.8386
70.0923
56.94
103.464
27.4875
63.2023
84.8606
55.7596
68.3172
74.3735
47.2775
45.2286
54.9065
48.4247
60.4945
44.5126
44.6031
63.1766
72.5875
55.6679
34.5751
91.0131
55.4609
53.5374
41.374
56.072
33.5535
51.4521
60.9164
87.1106
66.7496
52.5828
32.7081
63.1016
60.1995
83.0801
42.9527
30.4482
34.5624
34.2221
29.5157
46.116
34.3366
124.338
48.61
54.9715
93.9349
40.3384
45.1752
79.6589
55.8001
27.6879
51.4013
59.3457
83.1174
75.5322
49.5439
52.977
42.6469
40.6445
66.7981
57.9352
50.1855
47.2474
42.8946
44.0181
21.0221
36.6196
49.5114
66.6006
50.4336
77.6099
60.455
28.0281
58.5228
28.2957
51.1635
59.7799
29.0635
56.4232
71.8622
54.1691
55.2952
22.3805
43.4396
45.6319
32.574
32.1329
89.4405
82.2562
81.567
36.1141
31.3711
65.1418
62.081
42.4365
38.264
42.2378
42.3484
43.6584
40.4003
46.4384
37.5475
32.1312
73.2338
44.9445
43.499
72.7272
44.7801
18.1737
75.7973
56.3873
52.7378
100.317
56.746
68.1785
23.465
78.8038
31.632
96.4779
47.1283
51.5527
35.9061
59.8555
42.7475
51.31
109.228
37.6529
52.3827
52.2707
50.1739
40.7593
70.057
68.5035
71.8767
48.2996
42.2628
54.2416
133.965
42.7077
47.2798
43.3179
32.1219
43.6332
77.7639
66.8398
59.8035
38.0718
49.7598
34.9938
42.9108
38.1924
74.0135
33.9369
61.8254
36.0862
52.9751
64.0109
39.4886
56.7453
65.8142
98.1127
88.5825
70.0039
40.9706
57.5094
45.0243
22.0964
57.5737
47.6215
26.429
61.3925
33.1583
67.4876
44.2774
87.1987
25.9397
43.0797
56.1421
26.8269
40.6761
57.4225
58.7553
66.1982
50.7597
48.9359
55.7083
36.8768
35.4904
80.1477
64.5987
59.7722
46.6838
83.8262
86.7704
52.2242
27.4966
51.8364
48.1458
48.8348
70.4505
67.6809
121.544
59.007
40.4367
50.1011
64.2819
28.938
42.6036
50.6956
52.1658
38.6131
37.5073
37.7846
76.0633
82.028
53.8362
69.9165
78.2432
38.0161
36.1312
44.512
77.3876
79.224
26.1746
38.3224
49.5835
29.7668
67.5824
59.5914
32.7315
65.5
30.6241
48.6464
84.5043
50.4281
31.0464
113.941
46.1273
43.1837
59.0654
53.5792
28.3914
55.7251
42.0049
46.5103
40.4169
30.4955
21.7015
69.2344
38.8768
38.8438
64.8015
36.2884
30.6057
75.1514
30.6049
46.1619
34.0962
39.7111
63.4214
43.7099
47.5923
28.9942
38.9728
34.3194
40.6915
87.928
50.1232
119.101
88.655
53.302
57.0379
73.6834
61.6101
39.5421
68.4507
79.9937
52.2965
22.7866
94.2571
41.695
74.94
54.9154
56.4216
83.5203
29.4046
103.026
49.3865
39.1356
70.2704
117.02
58.0991
36.1163
73.6124
46.2075
52.0544
88.9186
50.7838
75.3745
82.9858
57.3233
70.9583
33.9597
59.4247
62.7737
33.6729
73.3551
76.5768
41.0407
49.0135
67.634
46.139
51.1474
48.2932
67.2314
109.307
52.7459
43.4468
23.5814
45.1552
36.6685
42.7089
39.2239
32.5782
45.051
45.1329
46.6683
57.6754
50.0265
61.2961
71.1033
49.1144
70.9253
68.572
49.0838
168.817
65.7117
79.2664
57.3185
38.7918
90.035
39.2101
47.5033
38.4468
75.8573
37.2014
54.1871
42.8642
27.2549
77.9403
52.4964
44.9705
56.3479
37.4547
42.5103
55.9129
71.5412
71.7427
53.111
50.6069
56.0272
53.0686
27.6933
94.3497
57.7469
66.0939
40.4422
53.5669
72.704
85.9601
59.9083
72.3673
35.2947
46.8403
61.9835
48.6661
47.6697
93.7725
35.9135
51.2007
31.3945
63.0238
33.094
38.6461
39.7987
36.3941
51.9077
49.2957
53.6834
32.2159
37.7809
40.1008
82.8242
52.3044
65.6773
46.4138
93.1423
54.2163
35.3203
55.1428
75.2842
44.6208
89.2271
86.9372
73.6268
31.1461
41.3765
39.2335
53.0482
72.8852
36.4449
50.1574
41.672
55.8395
97.4813
61.8119
47.8011
60.5895
81.6626
54.5407
35.9688
113.771
50.025
45.6246
32.6163
86.1992
38.4587
51.9664
58.7521
47.435
45.7487
38.9843
88.5344
85.0224
110.957
67.8257
53.9939
90.3935
48.9404
71.9689
55.4872
47.699
81.3835
49.9736
51.8257
40.8489
47.206
61.3429
28.6031
60.5717
76.1297
42.9287
59.2735
77.1261
38.0945
65.9763
69.8349
43.77
28.7283
48.3431
44.0519
56.7552
53.1313
54.0901
47.1209
39.9503
61.4288
40.658
80.424
73.5156
80.6547
40.1705
21.4626
36.3366
48.6063
52.6611
52.5222
50.3671
32.1571
60.0622
45.7008
52.3074
53.9105
29.4028
53.5718
64.3236
47.6772
45.812
28.285
60.5493
38.6415
36.3685
42.0566
53.2676
88.4327
58.0365
47.1363
56.4078
38.0444
48.4403
53.7913
48.5266
50.6107
55.1576
48.0879
31.6591
39.266
21.1074
76.3622
35.6692
78.1522
37.0223
45.0161
63.4866
54.9303
20.7189
34.9086
70.8608
40.6641
64.4407
76.9012
50.4456
42.3246
34.7967
33.7101
34.2002
41.368
52.0842
66.4162
39.343
31.157
45.8225
37.9042
73.9035
40.8899
26.5348
66.3281
44.5308
39.5216
46.8822
58.3243
44.9133
54.9831
49.1722
46.7495
24.7992
64.4018
57.3999
57.0664
62.7488
54.0165
34.7764
50.203
44.3433
64.9383
33.2513
34.7532
51.7776
54.8603
111.553
83.3087
80.7263
46.1665
131.623
26.5105
57.5194
36.392
37.0089
34.1116
40.8501
45.7309
43.1704
46.4688
52.2277
50.5257
42.4551
66.7736
69.2525
30.3308
86.6823
59.7594
37.2511
27.2757
56.9639
89.72
56.9671
69.6821
99.7792
42.1668
30.864
94.0969
41.195
63.2315
56.7579
32.5814
95.8731
63.3177
63.7488
47.2014
93.41
33.0075
60.749
79.8097
47.9812
82.2712
50.2757
65.8315
67.4205
78.7313
46.1238
52.088
48.8856
64.9227
73.5269
48.9153
52.9487
73.0865
62.0907
62.6074
54.9904
110.863
85.8049
54.2191
50.6749
29.9089
46.5576
68.1837
33.7762
51.2663
88.0168
69.2462
43.2943
30.8505
37.188
55.3542
94.0434
57.9004
67.2124
77.154
25.3731
35.06
20.3414
79.4334
69.3378
35.8911
32.7262
35.8219
32.5957
51.7757
43.2362
45.2432
25.8622
47.7112
45.3594
52.8272
44.4184
60.5536
44.4216
40.0245
63.9069
96.9449
87.9574
40.4634
37.3583
105.008
42.4512
30.483
54.164
43.5777
97.7235
48.083
62.7162
58.2761
29.3218
39.8642
50.7034
30.4752
41.629
26.7622
42.5804
61.4694
56.2514
56.639
58.0957
49.732
23.0339
49.2752
111.81
40.9571
74.3707
61.4807
57.4334
18.065
43.3992
44.134
103.267
40.7709
57.4552
39.3747
79.6153
61.8553
27.1307
42.1993
52.2441
61.8533
85.6832
84.3492
36.517
48.9569
85.6661
52.8628
83.5779
53.2438
69.5466
43.0198
33.9206
65.2289
29.3342
153.603
43.7077
83.9699
51.1357
65.8406
21.9517
81.3432
53.8932
46.101
82.8017
46.5276
39.8963
39.6478
61.8621
50.1209
33.8241
36.0748
97.7666
66.3115
60.3679
136.583
64.5875
25.259
72.0697
55.5919
42.1861
26.6403
26.9374
78.0086
84.4404
36.8884
77.0605
29.8828
38.6214
57.9508
34.5317
48.718
43.2231
106.116
21.165
50.4888
68.1674
40.7693
82.1488
70.002
80.9539
164.888
52.8235
49.5337
59.5945
51.6595
41.0684
102.689
44.3337
67.0456
38.9064
54.6872
49.2632
64.9036
73.9926
53.7647
70.9181
37.5946
42.1986
49.7035
68.1034
56.3841
37.0117
113.757
100.806
44.7641
44.2413
34.0021
70.5935
147.582
27.9489
65.5755
68.1672
46.5632
67.8638
50.0767
38.9576
39.6907
62.1683
143.807
48.079
66.2525
76.1519
43.5662
62.5719
61.1145
68.3294
47.5977
61.0457
62.1305
25.9181
39.803
47.4574
76.4446
93.9928
42.116
66.4893
37.127
46.0357
31.8075
44.7141
43.9589
47.4038
41.8647
50.6523
103.891
64.6407
36.4878
43.5836
64.6074
38.894
48.7278
86.1496
43.7566
52.5713
47.7557
68.7239
69.4435
40.7453
44.5718
33.7743
61.5378
52.1235
63.4165
28.5978
29.7219
57.65
35.2675
122.632
45.3617
65.6304
63.4833
66.8762
74.5579
59.8814
72.8604
46.1378
64.0901
69.7257
76.4754
53.485
68.9969
45.2906
83.0675
63.3115
67.0272
31.4211
59.0628
33.1106
23.2143
51.1544
77.181
54.174
80.1441
51.0492
101.679
31.9297
45.6572
41.2341
66.0108
65.2531
38.079
67.8618
47.4636
55.6543
78.1849
44.7206
77.4696
69.714
34.6742
47.0112
121.324
66.466
56.4397
40.631
61.9801
57.07
48.8401
38.7061
70.9489
33.5064
47.6744
50.5425
57.9258
47.8726
23.7861
43.4619
94.6492
35.7084
35.6219
42.7105
45.9217
69.5566
64.7454
48.0784
31.583
40.2008
40.7003
30.103
54.2597
54.7707
62.9252
38.5357
44.9514
63.0079
68.4799
55.8381
55.1909
65.6803
65.823
44.7373
55.7297
81.1282
67.9972
91.4357
93.7076
42.6617
58.9221
66.5796
34.6933
46.2147
48.5299
56.7076
58.1331
124.749
49.5671
52.7664
39.2788
67.06
31.084
47.5047
71.5944
48.2387
49.9207
64.8355
50.1614
35.7665
42.109
58.3704
103.107
46.3908
55.3302
70.8798
23.7707
45.0827
23.2012
62.4294
50.0185
81.9741
67.175
44.474
109.721
93.8801
47.2304
73.2551
39.4713
30.805
37.9829
42.0812
40.3045
55.4495
66.4835
46.6849
37.8157
60.0682
32.3905
109.55
34.0709
35.4237
95.8108
49.7612
57.6056
32.9049
34.8482
70.6478
37.9608
32.8599
30.7778
69.4659
36.527
32.3203
96.582
53.2766
67.0629
68.1798
108.089
61.2232
36.6117
35.5475
39.8269
41.2869
33.9714
54.4901
57.0316
61.7037
56.8143
44.8567
41.678
59.9871
39.4524
71.9948
86.6517
75.5816
80.6547
71.9211
59.7054
51.8572
53.8241
53.506
62.4645
56.7222
21.0127
42.6033
46.6244
48.7617
61.8732
68.2717
71.8818
41.3796
59.1881
57.2854
50.2814
82.7558
74.015
44.4955
33.3846
51.2094
61.3119
68.6306
39.7287
68.2099
45.9399
30.5105
76.7351
39.3536
72.7503
57.0234
55.1944
74.5428
51.4336
48.4041
55.7459
42.9433
25.4757
44.0812
65.6416
47.1188
44.0349
53.7253
41.4998
35.3286
56.3047
63.1539
55.6137
93.5542
44.319
44.1734
60.6964
55.7434
62.8543
53.4429
31.9034
75.6525
62.3844
72.5553
52.6527
37.8946
96.4303
44.9764
30.1312
49.6596
55.4824
39.6582
37.5911
42.4764
53.8056
34.1242
29.8028
165.238
37.5258
44.0324
34.6226
33.1148
50.3984
46.161
41.3892
80.7247
56.9062
39.0194
75.8499
42.964
58.7411
49.0941
31.0735
69.7103
53.713
176.132
66.2112
48.4169
63.6275
51.1227
22.6392
89.5582
90.0362
51.3368
54.2731
41.6169
69.6627
45.21
79.6691
63.9006
81.4053
60.1598
44.7513
63.6914
53.4444
40.505
75.4006
31.7736
35.0145
44.7524
101.555
61.6998
38.6453
48.0782
65.0282
29.9089
38.0267
117.586
30.7192
28.8085
32.4128
30.6309
51.0859
53.4034
43.6817
39.4965
33.459
88.7265
51.114
48.7241
63.3349
84.36
29.6151
36.69
32.7652
63.0368
61.4657
78.0265
79.4968
42.856
56.4086
55.9244
40.0108
85.9972
36.8907
42.2037
48.9136
38.3081
79.7133
44.0067
52.8713
42.02
28.8481
27.5066
25.587
29.1974
53.2689
48.3224
53.1497
32.9684
61.1213
75.5968
54.1268
95.0094
34.3171
48.8764
35.2067
60.4528
39.0172
57.9427
41.4182
22.9131
38.5485
101.593
43.9392
34.3584
50.6654
71.0998
44.451
77.1266
62.1961
44.5297
26.3361
114.782
53.3906
28.1339
46.521
86.4255
33.4214
29.2099
68.9816
78.3585
63.7074
60.9491
33.7193
56.1153
43.1085
30.9431
41.5352
38.6119
44.6594
86.9653
34.9767
60.5338
41.6574
61.5644
44.2199
62.3922
82.5572
50.2748
42.9489
58.0084
28.8446
53.997
75.6672
38.9449
57.4551
91.3228
37.8668
45.4598
54.7524
42.9021
64.5889
37.358
59.5584
57.3711
55.7968
31.9903
33.0431
66.4314
34.1225
26.0205
43.5729
62.4682
48.8901
44.7733
37.7158
53.1289
69.8759
40.9398
40.4258
57.4604
57.0273
64.7625
41.5847
48.0481
78.835
52.7005
84.3928
54.2751
31.4503
35.6442
43.9117
103.831
39.5616
57.7922
58.7509
81.6042
37.4568
31.1253
39.6847
56.0196
48.1389
46.7787
35.6808
65.3211
66.8786
29.2875
72.7062
92.6837
26.862
53.3525
54.5374
26.0897
49.0627
27.4743
56.3665
63.8715
46.1744
74.3481
49.0935
36.4688
42.3111
62.9
61.6233
38.7955
57.8854
61.4361
44.3417
44.6242
51.6666
42.0612
78.3167
65.3075
33.6157
78.6245
67.5654
62.6073
43.8901
37.9534
54.3909
46.476
76.893
60.5106
59.5541
30.7829
37.6703
50.7781
73.4101
46.8165
44.982
46.8823
66.1554
52.445
45.0515
66.3708
27.1193
61.7091
45.7274
38.4042
24.7523
36.4159
59.7952
65.4009
77.6921
32.7053
76.3024
38.2965
53.8438
85.5431
34.8286
44.8977
90.4629
31.5928
39.1197
65.9633
66.898
44.3419
61.5739
42.2877
72.0912
57.2124
35.6156
43.4562
73.5171
70.9318
78.045
76.8629
50.952
73.9905
41.5606
52.8709
31.2815
72.8223
40.5019
61.0795
61.5499
73.9668
29.0064
52.6216
43.0116
87.9656
49.0218
40.9445
46.1351
32.0625
50.3398
44.8033
38.1041
53.9213
43.6737
60.6813
30.0989
68.3794
42.2112
48.5256
83.2629
94.4219
78.1801
79.5637
75.204
63.4271
95.2649
53.919
32.2445
27.0481
38.2302
42.8394
58.0008
51.0755
78.412
51.3089
39.8498
48.1827
42.9496
34.569
46.5532
67.5599
46.4489
93.179
42.4449
50.8847
40.6132
75.1011
56.2846
55.6791
66.2515
70.2525
58.3061
87.528
36.6031
24.0682
45.3638
56.6509
38.012
43.7226
56.2388
59.4551
75.6254
40.865
53.2831
49.0069
56.8409
39.7088
40.8526
35.5711
47.7748
47.868
49.39
54.7284
43.0578
56.1744
32.7065
51.6545
45.7962
42.7479
41.8946
38.4273
44.2128
50.3124
106.85
50.889
80.4584
72.2807
37.7126
38.012
81.34
64.1869
44.7189
37.0076
68.9733
72.1153
65.5766
36.1569
42.8221
74.8307
28.7286
78.0953
49.4113
46.237
46.6417
58.4296
25.4649
87.2411
30.9599
59.5287
49.292
82.2001
56.7598
66.1337
41.4156
60.8664
43.8916
38.1612
54.6325
34.8264
67.4743
38.04
68.9689
42.9573
70.7557
54.1284
34.4382
39.3623
54.0837
67.2789
42.6629
49.7537
30.9791
99.4847
48.6452
62.7653
57.511
31.796
64.8293
70.8184
61.2943
39.4479
55.9125
24.0022
80.8951
112.316
67.8919
46.209
37.2611
62.4577
51.0852
46.4108
67.0047
96.917
47.6681
48.2324
187.004
32.0732
44.4314
37.5516
48.8616
50.9562
40.3411
30.7526
20.8613
29.6915
64.4347
89.4085
68.7613
46.3827
53.9463
48.241
27.3073
75.6385
54.6393
38.6365
37.9752
62.7294
34.6858
62.0761
35.0168
102.533
56.6736
46.0409
54.4203
60.86
62.6545
29.2639
17.1566
54.5026
52.802
65.2076
35.2459
55.3507
53.0924
68.2113
60.144
36.0292
55.2264
45.8349
34.46
44.2122
37.4211
73.3583
53.1684
35.2757
94.2646
46.0788
42.285
41.0489
32.0512
49.5162
45.4224
41.671
47.1224
41.4132
76.5955
58.2819
37.0827
74.2638
56.8875
63.1301
65.4865
70.8086
51.4847
50.3392
53.7349
46.557
50.5712
70.7602
49.5264
32.222
72.5897
42.956
44.8832
54.8208
60.4347
56.3939
106.831
44.9244
71.999
48.0813
54.3513
93.3292
40.5907
31.4844
65.909
47.7168
25.5166
37.8238
27.5972
34.5087
44.3322
27.9456
55.5978
43.9985
44.908
34.1744
39.8502
99.6618
32.6038
52.0953
54.9417
42.9501
74.9083
77.6777
75.1326
42.5083
45.5773
46.9021
58.2507
60.5734
57.0052
60.8125
61.1113
95.4827
88.169
32.6029
59.9523
75.2794
57.0626
54.6854
46.0091
45.9273
35.5843
26.9702
47.019
36.1754
58.1691
76.155
27.4581
52.2832
34.1868
68.751
90.9062
41.2689
73.9489
63.5145
37.7852
58.0138
37.3108
94.6166
71.6788
49.5151
43.0184
82.5351
44.8826
49.452
60.8557
58.9834
129.04
33.6092
26.9357
41.0577
85.7939
57.779
59.4627
50.6878
49.3249
26.013
92.8627
30.4101
55.2509
51.5158
82.8025
63.6743
43.5124
40.6446
44.6999
53.2599
47.8928
58.5602
37.2209
116.124
80.0935
79.0109
121.893
47.6971
48.2665
47.4936
75.9762
85.4224
54.6083
48.0854
41.3815
34.6391
40.391
75.9845
89.8082
41.1176
28.4115
46.6034
41.3012
42.6937
64.5611
86.6137
51.7152
54.7186
48.4282
46.4151
28.024
39.8676
36.7563
60.5234
73.7762
38.7488
39.4504
42.2409
47.2829
67.116
46.3656
61.0913
45.4159
55.4067
74.5051
40.0601
40.4202
96.0483
80.4019
55.5111
27.7425
35.7811
32.2777
118.109
36.5486
79.0975
45.6167
46.3262
68.9565
91.9001
34.8431
76.1446
54.3518
70.2037
41.4915
58.8555
80.5769
47.7553
36.9832
44.9895
43.6091
64.7657
64.9846
24.2273
40.8695
34.7976
29.4041
71.1676
68.3766
79.2309
104.673
47.965
68.1948
46.4764
29.706
37.6189
68.4719
61.4525
52.7397
58.6017
39.6988
87.0276
73.38
47.6461
29.2589
54.4177
49.8792
42.603
53.0793
57.9391
44.3697
101.686
48.3687
55.0089
31.5351
40.0356
43.8729
62.6254
54.0553
53.1678
48.432
33.3932
62.6599
41.1314
44.3062
30.5542
39.8805
44.0682
36.0773
77.8403
45.4948
87.2329
35.4727
61.8492
57.6296
52.7884
56.4584
42.2921
60.75
50.0242
65.2781
62.194
66.8815
95.1446
25.5014
71.2986
87.4224
48.6645
53.2878
48.0407
96.9536
45.8788
29.0331
43.8539
39.2088
84.5681
34.3698
38.8037
34.0122
73.9538
70.5253
40.0561
62.3971
61.3319
44.1205
88.8284
52.9257
24.6352
84.6677
63.3041
38.6378
85.7642
69.69
39.4806
63.7518
41.8469
41.8681
38.1135
51.6044
26.4443
49.1741
31.8715
49.9063
74.9965
78.0529
42.3465
27.9387
49.2269
57.0233
30.862
59.955
72.0364
30.7389
67.7126
101.598
56.5455
52.3529
49.815
31.3236
52.8151
67.8758
62.6206
50.5445
74.4781
52.5313
43.7623
30.0145
87.5857
48.9022
64.5799
30.2365
62.7837
27.5069
63.0584
33.0304
63.5847
35.684
76.5153
48.0821
105.364
42.5759
23.6319
61.439
56.3787
45.7698
36.5964
66.3985
50.9043
32.5384
55.598
62.4386
62.5726
24.0744
57.5807
54.4116
42.1311
36.3816
57.7063
57.4238
26.838
97.6123
97.6197
40.98
46.5588
78.7864
27.5437
62.91
84.5362
43.5654
36.4463
30.4646
50.3698
38.2778
34.321
26.5324
34.9676
42.8356
81.3547
42.0048
50.4993
32.515
53.1764
72.7607
28.8826
70.1277
60.1159
82.3901
52.3682
59.0493
38.7751
40.0111
56.3532
81.8723
58.8411
41.8337
35.1271
42.8478
44.327
29.9455
34.6013
85.505
52.0953
54.0396
27.4206
45.0106
56.2826
64.542
57.3408
46.1962
36.1007
33.2218
51.7649
61.8713
57.1346
73.9007
41.2725
58.7356
55.378
21.1886
44.0358
57.6544
36.8005
33.6851
50.6605
84.9825
52.8684
114.468
62.1282
46.5649
39.4871
46.2275
41.9385
58.4385
47.5666
32.8935
31.8619
76.1272
55.5254
22.1383
101.909
39.4992
42.9711
28.1445
43.8336
60.5643
44.8425
53.8039
44.96
35.1283
33.7787
90.6907
33.3133
24.2365
36.0115
58.9249
38.0701
64.7941
50.0974
61.6966
46.524
58.642
63.7332
51.9217
34.0356
88.2101
43.909
62.363
68.605
38.075
58.867
54.9565
46.5658
68.1344
73.7549
55.1294
59.4972
41.7106
68.8984
51.195
52.3142
25.299
60.995
78.0264
44.7141
105.507
31.2015
22.6072
28.9331
40.9789
56.3372
81.306
115.673
57.2675
54.5565
43.4403
46.0985
94.7193
39.5669
37.5269
47.44
81.5623
54.8247
107.697
37.1273
58.5755
41.2192
43.9342
70.9218
40.0601
54.0547
38.8072
82.2096
40.7024
108.838
33.235
47.4687
46.3643
64.443
58.797
83.5995
43.0292
42.4252
43.3112
107.087
41.5139
69.5201
63.0121
42.8619
49.2718
84.8869
39.06
82.3622
40.6338
31.4976
41.0693
42.3099
43.1759
43.4665
87.1574
31.2397
25.282
33.1281
41.682
109.433
82.2414
99.8814
62.0302
54.4137
45.1045
64.8133
52.5178
47.8866
76.4531
57.2041
53.072
44.7347
47.6265
29.1102
81.9908
44.7125
74.1596
43.4208
41.8844
80.7894
58.6173
37.0569
46.8552
49.6771
49.3763
56.4789
59.249
61.8316
96.0031
62.4335
30.4736
73.3309
52.8102
46.6811
45.627
67.6611
60.1998
42.9396
55.8543
46.0272
80.1755
55.2498
76.5315
42.7057
63.0659
71.5227
37.6158
79.9083
32.4145
70.6174
72.9972
44.2937
33.6712
76.9099
48.2166
73.612
71.2899
53.9392
44.5769
51.915
73.7306
97.7269
34.864
49.8327
55.4783
44.8661
67.8782
51.5638
72.4258
43.6896
30.1875
50.8692
46.4786
49.874
55.816
41.3359
88.5729
47.8068
31.9217
63.6956
52.5407
70.9049
45.7965
52.8644
61.5639
42.3812
39.5823
58.9035
20.8461
76.5422
94.6208
39.1728
61.6473
74.8447
43.0976
73.7686
25.6028
57.5431
37.9996
80.373
64.2074
37.9432
44.0764
80.9725
34.95
50.8452
40.2768
80.9004
43.0908
42.9536
35.9721
49.0485
35.2122
47.9887
58.9692
32.8013
39.2307
36.4066
40.6547
71.1061
42.0305
107.376
33.9987
51.0289
59.4238
49.2588
47.7241
57.6558
36.5318
86.1725
32.0967
39.8346
29.3248
60.1071
49.1645
54.1887
71.7504
90.4023
29.1423
50.0442
60.1142
51.7748
55.9335
36.6087
56.1758
25.3529
96.3435
43.1439
58.5163
58.6971
61.993
68.7499
50.0113
41.8699
79.0508
43.2421
26.1848
54.3908
38.3102
68.3125
50.712
37.6794
34.6284
57.9761
78.8806
78.356
56.1913
67.2783
98.0249
39.2828
55.0518
59.7466
122.556
85.2658
48.3196
22.5747
81.2369
47.1398
38.1933
54.6705
49.437
73.4329
97.3727
66.6119
48.0939
76.2399
42.5796
83.8228
73.9924
50.8697
42.9361
25.5281
56.1529
59.1704
58.9141
53.0885
29.5533
30.3019
37.276
34.7891
47.3035
35.0621
68.4385
36.928
51.7119
40.5582
74.5326
52.8967
46.9122
57.5624
35.6467
58.2017
109.371
35.5359
36.8641
61.7635
39.6425
51.2519
53.1683
40.83
46.7133
43.1735
60.6648
37.989
47.5336
52.4821
29.2818
34.4105
67.5629
67.0444
41.4781
58.786
29.5843
52.9685
32.7306
40.1194
120.386
57.9972
55.2554
49.2554
46.7303
120.939
24.7292
65.9118
57.2951
23.6634
46.7792
64.0084
57.1299
111.434
56.567
22.0405
84.9117
58.9373
33.6006
51.8548
54.7943
42.9639
49.1623
43.8046
69.6229
29.9432
40.2182
58.2068
47.0809
50.7486
79.2508
115.6
143.404
42.0369
49.3077
42.9343
74.9051
33.8722
32.2175
47.2283
27.7134
46.5313
44.4904
84.087
39.9139
50.0619
84.263
47.1098
54.9795
70.5333
53.3531
33.2266
29.213
63.2087
59.346
62.7137
57.6365
29.698
63.2134
45.5509
53.8566
65.1614
41.0529
77.3661
47.6487
79.9341
85.159
57.1848
54.5143
36.9918
49.9982
43.7743
58.8577
37.4952
47.7168
96.9189
49.8648
60.1723
82.5371
59.7174
43.5784
53.4071
72.5424
130.602
39.7765
127.038
49.0345
48.7453
33.8999
44.1361
54.1487
43.261
82.1934
50.2214
38.5608
102.921
48.6508
45.4685
55.8666
43.8037
38.7577
64.8451
71.2081
32.7184
31.654
43.8722
54.0891
75.314
45.6161
54.7657
78.7514
73.5731
46.6828
46.4302
72.2128
126.952
47.1105
45.228
75.7209
63.4666
67.7687
94.9298
73.5143
54.7858
44.0555
66.0044
72.2145
74.6355
53.9051
50.8496
56.7579
42.0718
41.358
46.0448
66.4718
56.6004
65.2347
61.8749
39.2839
50.9216
39.0314
46.3126
73.214
116.805
65.9092
81.3402
29.0024
74.4482
39.461
71.3246
50.1291
45.3859
116.617
27.7458
32.2818
60.4905
49.5897
70.0522
98.8312
90.9021
97.8661
85.2064
58.3472
39.898
49.0135
43.4536
48.2752
35.2647
63.4651
68.8357
67.8624
58.4289
35.7139
74.2589
36.9074
97.4591
38.978
69.0801
29.897
33.1336
98.9732
39.6528
65.1733
44.529
38.8699
67.7051
41.6788
104.606
49.9178
22.8423
38.1914
42.0737
67.5086
47.4388
65.6248
65.5505
24.1435
70.9875
50.2195
41.7791
21.187
33.4124
164.927
36.2409
70.5686
30.2856
49.39
47.6818
29.8261
49.3405
84.2114
54.6997
59.6347
24.169
65.9101
43.1252
46.2762
23.8881
30.5326
59.003
57.0446
47.9302
41.9623
53.8547
60.0963
38.1616
24.6962
36.1978
26.3616
65.1194
36.8913
45.7311
32.7799
34.9326
59.1338
99.1811
40.0075
57.6343
30.6629
46.6199
38.0927
37.9209
38.6094
39.2697
52.0649
49.8377
49.065
47.7943
52.5437
36.5136
37.5474
98.345
53.5734
36.5104
59.4898
65.3577
52.9212
86.6669
42.0498
65.3076
49.6462
67.0572
72.8975
58.128
73.0923
26.9157
40.7776
37.5538
78.595
47.4362
51.3757
43.7331
42.8681
31.3682
29.1525
23.133
46.1766
21.1893
59.5799
39.5199
103.06
49.5017
106.205
87.1101
39.7758
31.165
33.5926
85.9933
36.0837
59.2485
57.4409
45.8554
66.1891
41.3814
42.7227
62.7545
62.3962
31.1963
31.9141
39.3237
107.235
59.5596
30.1234
53.3662
42.3287
49.5826
69.8365
23.9183
27.8245
59.9861
46.0939
36.7624
72.3215
51.4389
49.2506
114.166
52.0838
48.1962
64.9923
36.1116
68.7886
64.1241
46.066
55.6622
60.8062
60.0736
38.2058
96.969
25.7262
56.0005
56.1869
71.5356
49.0252
47.6871
34.8021
63.9125
55.5722
106.263
51.8811
67.9162
50.8686
38.8074
37.23
37.3314
40.4054
39.6486
41.4422
51.5508
66.2946
44.9388
27.5004
40.2464
77.5252
48.3084
30.2315
55.2011
83.003
45.8538
36.2286
39.1804
48.3998
49.3289
34.4261
47.5477
30.5741
41.0317
39.4598
29.3892
36.3505
50.5121
31.8082
37.628
44.063
61.5219
46.1665
86.8196
46.3441
38.1622
46.068
48.8432
38.3834
52.6077
53.9055
35.3962
27.5781
41.1906
71.6399
39.0776
28.8887
76.7867
40.2582
40.3951
30.9564
50.1001
54.7722
44.5197
49.5913
44.4476
94.4867
52.2006
50.9743
89.4257
39.8304
43.1263
58.8877
38.9884
73.184
68.346
49.8869
52.4467
65.2603
43.0245
47.9614
34.219
63.1071
101.042
84.1039
31.7133
41.2539
61.7084
40.4019
57.9918
43.4835
54.0131
45.1405
37.7135
43.7959
82.5633
57.4407
30.9525
70.8935
40.9151
50.6135
54.8183
39.4084
35.2146
43.6077
55.1812
29.5076
95.2021
30.4053
66.5737
51.5988
40.7866
82.0078
34.6895
42.8507
104.377
56.311
47.9873
37.305
52.4308
59.8122
94.5483
75.0715
18.4509
50.217
51.2397
48.932
54.4099
37.6715
33.6962
40.3769
78.7227
50.1828
29.3427
27.6292
65.7493
63.4439
48.2138
80.4296
62.2074
23.3226
31.4018
52.3918
34.1051
99.4118
32.2809
37.6321
57.4307
40.9082
38.2367
103.902
55.873
38.0537
84.304
41.8523
29.8418
43.357
60.1119
26.2988
44.16
80.657
78.0494
78.6604
29.588
28.4791
67.8043
64.3252
67.2867
69.0486
43.9927
22.3988
92.0501
70.7217
65.7953
43.6399
61.4819
33.7414
48.3891
38.7526
46.0537
52.8587
51.0444
71.7579
39.9082
36.0305
84.949
25.9725
44.6703
46.0059
64.5243
37.1116
84.4916
34.1585
60.1542
36.2122
52.3338
39.6622
43.5248
57.8449
40.5794
39.7854
70.7045
43.9167
60.6145
44.8575
87.1571
91.3991
52.736
50.1947
38.9304
52.658
63.4135
63.9888
33.1578
24.3246
59.9763
28.9829
29.078
55.9384
60.3959
55.2382
35.5546
28.7769
42.8742
57.3965
45.776
36.7589
42.678
41.8431
30.3622
50.7562
38.0106
31.8871
60.5474
34.2524
55.1307
49.0242
76.3666
42.0115
42.193
56.8651
63.9957
44.8711
32.1356
42
47.5651
31.8942
85.9841
65.9891
58.7193
45.3407
74.052
48.3297
63.4734
99.4948
44.4434
20.327
54.63
54.4806
29.4792
39.8171
77.5599
98.3073
53.8838
57.6005
51.0077
78.724
83.622
34.7407
34.7716
108.147
80.9441
62.1317
74.0087
75.8831
47.6095
42.0071
35.6857
61.7502
52.7915
58.5108
51.102
30.8806
59.7469
43.1998
50.6243
99.0158
52.4136
46.7997
31.7982
44.7535
52.6022
35.3534
55.8753
25.3669
33.8466
48.1239
83.793
59.7326
41.3663
55.6938
56.1342
60.5332
58.4674
27.1625
60.7166
71.8571
37.2439
27.6231
47.5971
47.3928
41.2764
35.5003
66.6129
36.4241
30.6517
96.9671
45.1068
77.2356
53.4072
50.8802
56.6242
40.0354
89.8028
60.5911
66.6335
52.589
42.7012
45.3045
41.4517
51.4882
32.554
49.7684
56.5282
33.1506
60.9559
38.3462
53.5088
44.6241
41.1077
54.5721
54.6562
69.036
45.0107
70.0532
44.6391
57.99
33.8947
39.6782
34.8488
52.0633
62.8422
49.176
50.3938
57.8955
45.7392
40.7624
59.3682
58.8766
77.5093
86.815
45.5677
58.3716
63.0873
40.7577
37.5584
52.6261
36.9391
76.4073
34.7109
39.8341
85.1337
33.6496
63.4346
100.272
62.0125
59.8336
27.9599
34.5966
35.573
38.1204
54.3703
42.2367
39.1464
72.1042
50.8643
48.0783
52.9316
59.0226
53.9025
47.4645
59.9784
52.9889
56.9147
40.6219
38.5063
51.4741
60.7511
30.9127
31.55
25.3789
46.3364
92.5599
45.6138
60.9469
40.0145
67.9226
93.9226
40.3015
51.5466
53.1665
56.3973
59.9953
58.321
104.221
48.9941
32.0409
23.6375
42.969
34.5707
51.2138
73.1565
70.0436
37.415
83.3118
58.3949
34.729
54.5564
52.1998
52.8184
43.9984
62.1013
82.4685
54.4007
50.0012
51.5608
38.6976
64.465
77.0322
93.3513
77.1201
26.9526
36.3864
37.8289
62.3395
19.2819
49.9098
47.064
43.9375
75.288
38.8592
46.0648
34.4612
42.6153
96.4257
68.2624
53.0764
46.7612
53.7323
76.5067
69.2477
48.5191
50.967
40.444
71.2362
48.7575
29.6708
49.4633
33.808
53.7804
43.433
55.2111
51.5563
41.3198
107.923
131.263
47.7922
41.7136
53.3392
40.5003
47.425
56.2251
49.6629
32.2523
59.8521
78.5675
48.1453
120.656
52.3109
47.5136
33.752
44.2292
48.8212
102.465
37.0725
49.3697
84.0351
77.2221
40.2463
34.1957
55.892
54.699
56.0992
51.2651
80.4803
45.8058
40.3337
52.2757
51.2797
42.7117
37.5702
58.1682
55.636
30.4124
59.5945
64.4173
44.8859
41.4054
40.2893
63.4221
58.9073
41.225
36.0882
53.8013
43.9344
66.878
42.8458
46.9965
74.8825
69.6843
32.5624
96.9642
71.7113
38.3258
55.5768
86.673
36.0062
35.8448
54.3612
39.5393
52.0979
25.2982
29.0414
49.2939
30.0013
56.38
37.0059
46.9751
74.4234
44.3718
49.4376
59.6071
53.349
59.7582
32.8655
66.5168
33.7848
60.0021
31.333
98.5921
36.3666
73.2019
57.205
48.1671
29.1644
39.5761
105.938
50.2581
75.618
37.7086
74.9898
33.8993
60.5039
40.964
38.7225
89.1681
56.6183
35.5315
55.1694
64.9606
67.2341
44.201
37.244
68.7498
40.3363
63.9541
81.9272
41.924
64.4375
105.092
63.7245
54.7763
36.9259
30.402
42.4064
34.1168
34.375
47.6722
54.7863
63.5774
58.9271
72.5586
69.9411
53.6489
37.4709
45.4907
83.9033
51.022
28.5221
50.6277
98.1518
67.4497
64.3789
42.9265
55.4706
32.2894
83.2433
103.08
69.4747
84.9204
55.2628
28.3269
50.7431
84.4611
113.272
34.4884
51.8394
34.4954
47.9262
48.3435
36.6282
46.2145
40.2351
32.0185
40.7089
96.2433
64.8321
48.2256
55.0166
24.3906
48.4853
89.983
52.6506
33.7996
18.6635
47.0441
45.8472
66.3598
35.7554
64.3748
51.8719
67.1419
36.7432
39.6492
54.9198
71.1908
37.9948
77.1011
49.3772
68.0085
44.3186
37.3815
44.6345
59.6561
69.43
29.4189
62.8212
44.1419
46.3846
41.907
60.2586
72.3181
79.4201
40.7711
67.9291
37.8378
31.9844
76.9208
48.0855
117.548
68.4629
83.7154
57.3504
48.4025
66.0518
28.5603
44.1395
35.739
125.106
40.5961
65.8659
34.1575
40.8385
69.5179
33.7562
42.0663
65.5608
30.8535
43.7955
45.4811
58.5505
61.3981
39.4175
65.5248
69.24
33.1117
34.6485
41.2707
54.743
73.1531
25.4357
44.6098
71.3443
44.8104
61.7313
31.8068
47.8106
57.6729
37.9781
111.49
22.2041
27.738
61.5406
38.6269
56.7211
48.6996
53.2466
42.2582
17.8715
73.2652
57.0954
74.6679
29.7668
44.8311
68.9983
106.713
94.1003
60.2819
35.4668
71.7053
43.3878
60.1694
51.2936
59.5507
62.7562
22.0668
47.5265
37.1185
55.7101
41.779
39.9291
56.8564
33.6423
72.9014
60.1661
38.3753
22.4495
34.5345
42.6469
61.157
46.8314
86.3252
39.9083
62.3442
46.3217
63.1733
103.899
50.3287
43.4692
54.4886
45.2548
45.7183
51.4333
43.6233
36.3148
41.3069
63.1945
58.8994
42.8816
50.3189
39.1539
40.5005
46.455
33.9025
57.3673
32.9319
39.7483
88.579
77.6977
99.9407
62.1737
39.7119
42.7821
84.474
40.2449
54.1506
38.9374
42.0918
30.8218
36.7179
66.2515
52.9441
41.2757
35.6024
93.0088
150.97
53.0107
47.1945
39.134
90.2672
33.4413
72.9852
45.9856
44.2704
70.4895
56.1234
129.932
86.7585
51.5144
67.5793
67.9627
42.3042
53.9385
34.6847
32.5878
33.0961
45.8716
41.6091
74.9685
53.8221
41.6177
40.4189
74.8775
32.4899
38.6645
63.0357
38.4814
40.5718
53.9149
53.0693
90.02
75.0268
99.2959
26.3797
32.7762
49.226
61.4375
83.598
52.2912
50.5294
69.518
45.2901
45.3792
43.3276
36.7102
48.7564
28.2259
65.1619
58.0577
52.6083
51.4863
44.7948
46.1046
35.3117
45.4862
31.5481
44.6993
62.1637
32.0836
59.731
59.8125
89.9783
26.3071
51.3326
44.0204
57.4386
45.0714
67.3216
40.4496
36.7183
38.6654
54.8794
64.3976
51.9001
72.5591
38.035
23.1866
35.3408
54.551
60.4561
76.7199
20.453
52.5014
40.9003
36.3252
40.4603
61.3195
77.9492
56.5936
36.2901
32.3312
58.8468
37.0422
47.0157
47.2956
62.1694
44.726
40.4427
78.7882
36.7234
38.632
57.0238
56.815
60.0148
26.4036
39.8605
61.2734
34.9897
35.959
70.7842
47.7238
44.4421
45.015
54.3011
77.4185
31.7278
49.7343
126.146
22.1054
50.6889
88.9377
29.9314
43.9245
35.4582
32.7173
78.2176
56.1029
47.7881
35.3666
49.0508
39.6816
69.1078
34.1641
77.29
49.4861
61.4226
40.7795
59.0354
91.2558
60.673
65.1945
48.5275
85.5465
53.1427
52.819
50.7532
47.3931
46.9744
25.1696
75.1709
46.2062
52.7763
40.9447
29.8097
72.4874
36.0805
44.3591
42.5718
46.0301
38.7875
51.339
55.6389
51.9642
45.308
30.3239
74.3201
52.2885
45.4502
65.4246
78.1051
63.7386
47.5137
47.905
74.7148
53.6786
86.4513
61.7514
41.8833
36.9732
73.1208
107.179
68.1151
37.1035
66.8659
34.9082
58.6237
52.4111
45.5716
37.8219
62.4073
44.7586
25.8204
47.6453
76.0255
91.4053
60.0252
33.6834
34.9918
72.2573
55.8845
46.8778
45.0429
21.2468
93.0912
47.0874
48.704
49.1011
44.1718
29.9196
26.2766
87.0251
40.998
35.8179
82.5807
60.5336
62.2789
57.9621
27.0146
36.2544
55.6579
75.04
57.4088
30.1097
55.34
49.5375
36.8669
48.5551
44.4513
58.7956
66.8423
76.2313
49.151
53.7228
35.7581
33.1464
25.0792
53.1076
57.1712
42.5463
50.252
23.3118
50.0494
34.4635
34.2313
51.0067
51.4169
41.0354
27.7552
39.6403
75.2374
61.072
56.3372
55.7186
77.0052
72.4492
62.4995
59.523
59.9981
61.2906
43.2568
56.269
82.6013
47.0015
63.5612
32.4991
36.4694
40.5103
53.1837
40.7604
67.9947
59.999
28.3776
80.87
82
40.3852
66.8026
30.9554
33.5491
68.5604
55.3092
37.6918
115.948
55.5237
32.5843
77.567
55.2542
47.7482
66.8982
72.0979
79.396
34.2039
76.4177
110.742
82.038
57.8837
42.2729
49.1053
54.41
34.0155
73.9575
42.6859
44.1864
37.063
39.0822
45.3673
28.798
